1,0.50734,0.47585,1,1,1,2,4,0.5,0,0,4,0,0,0.5,0
2,0.60108,0.36357,1,1,1,2,4,0.71156,0,1,4,0,0,1.2116,1
3,0,0,2,1,0,2,0,0,0,2,4,1,0,1.2116,2
4,0,0,3,1,0,3,0,0,0,2,4,1,0,1.2116,3
5,0.67081,0.3886,1,1,1,2,4,0.90704,0,2,4,0,0,2.1186,4
6,0,0,1,1,0,0,0,0,0,3,4,1,0,2.1186,5
7,0,0,3,1,0,3,0,0,0,3,4,1,0,2.1186,6
8,0,0.73762,3,1,0,3,5,0.065328,0,3,4,0,0,2.1839,7
9,0,0.46436,2,1,0,2,5,0.090683,1,0,4,0,0,2.2746,8
10,0,0.58713,3,1,0,3,4,0.89195,1,1,4,0,0,3.1666,9
11,0,0,1,1,0,0,0,0,1,2,4,1,0,3.1666,10
12,0.53092,0.54489,1,1,2,3,4,0.87343,1,2,4,0,0,4.04,11
13,0,0.46779,3,1,0,3,5,0.11786,0,0,4,0,0,4.1578,12
14,0,0.46287,3,1,0,3,5,0.09627,0,1,4,0,0,4.2541,13
15,0,0.50535,3,1,0,3,5,0.25022,0,2,4,0,0,4.5043,14
16,0,0.66247,2,1,0,2,4,0.5507,0,3,4,0,0,5.055,15
17,0,0.52135,2,1,0,2,4,0.074923,0,4,4,0,0,5.13,16
18,0.7012,0.59082,1,1,2,3,5,0.66594,0,5,4,0,0,5.7959,17
19,0,0.5907,2,1,0,2,5,0.71088,1,0,4,0,0,6.5068,18
20,0,0.52999,2,1,0,2,5,0.51668,1,1,4,0,0,7.0235,19
21,0,0.55197,3,1,0,3,4,0.55447,1,2,4,0,0,7.5779,20
22,0,0.39397,2,1,0,2,5,0.12796,1,3,4,0,0,7.7059,21
23,0,0.44907,2,1,0,2,4,0.94629,0,0,4,0,0,8.6522,22
24,0,0.43918,3,1,0,3,5,0.086641,0,1,4,0,0,8.7388,23
25,0.39749,0.52613,1,1,2,3,5,0.28149,0,2,4,0,0,9.0203,24
26,0,0.44551,3,1,0,3,5,0.40574,0,3,4,0,0,9.4261,25
27,0.74832,0.49226,1,1,1,2,4,0.48461,0,4,4,0,0,9.9107,26
28,0,0.66851,2,1,0,2,4,0.73702,0,5,4,0,0,10.648,27
29,0,0.46533,2,1,0,2,5,0.09933,1,0,4,0,0,10.747,28
30,0,0.51226,3,1,0,3,4,0.99592,1,1,4,0,0,11.743,29
31,0,0.37271,2,1,0,2,5,0.21096,1,2,4,0,0,11.954,30
32,0,0.62509,3,1,0,3,4,0.94131,1,3,4,0,0,12.895,31
33,0,0.60531,2,1,0,2,5,0.021842,1,4,4,0,0,12.917,32
34,0.62089,0.47447,1,1,1,2,4,0.99097,0,0,4,0,0,13.908,33
35,0.5674,0.35867,1,1,1,2,4,0.65316,0,1,4,0,0,14.561,34
36,0.46349,0.34794,1,1,1,2,4,0.60191,0,2,4,0,0,15.163,35
37,0,0,1,1,0,0,0,0,0,3,4,1,0,15.163,36
38,0,0.50279,2,1,0,2,4,0.74769,0,3,4,0,0,15.911,37
39,0,0.43363,3,1,0,3,5,0.062153,0,4,4,0,0,15.973,38
40,0,0.67386,3,1,0,3,5,0.10067,0,5,4,0,0,16.074,39
41,0,0.4672,3,1,0,3,4,0.86998,1,0,4,0,0,16.944,40
42,0,0.39496,2,1,0,2,5,0.2275,1,1,4,0,0,17.171,41
43,0,0.52581,3,1,0,3,4,0.97022,1,2,4,0,0,18.141,42
44,0,0.55029,3,1,0,3,4,0.68013,1,3,4,0,0,18.821,43
45,0.53097,0.45844,1,1,1,2,5,0.4225,1,4,4,0,0,19.244,44
46,0.5106,0.47847,1,1,1,2,4,0.64423,0,0,4,0,0,19.888,45
47,0,0.45332,3,1,0,3,5,0.1404,0,1,4,0,0,20.029,46
48,0.7494,0.31412,1,1,1,2,4,0.15922,0,2,5,0,0,20.188,0
49,0,0.68566,2,1,0,2,4,0.25206,0,3,5,0,0,20.44,1
50,0,0.59719,2,1,0,2,4,0.3233,0,4,5,0,0,20.763,2
51,0,0.58354,2,1,0,2,4,0.013961,0,5,5,0,0,20.777,3
52,0,0,1,1,0,0,0,0,1,0,5,1,0,20.777,4
53,0.42627,0.35452,1,1,2,3,4,0.35011,1,0,5,0,0,21.127,5
54,0.49366,0.32247,1,1,2,3,4,0.019942,1,1,5,0,0,21.147,6
55,0,0.55051,3,1,0,3,4,0.14866,1,2,5,0,0,21.296,7
56,0,0.52655,3,1,0,3,4,0.081597,1,3,5,0,0,21.377,8
57,0.72198,0.44107,1,1,1,2,5,0.9022,1,4,5,0,0,22.28,9
58,0,0.5429,2,1,0,2,4,0.047777,0,0,5,0,0,22.327,10
59,0,0.46854,3,1,0,3,5,0.91233,0,1,5,0,0,23.24,11
60,0,0.51809,3,1,0,3,5,0.67008,0,2,5,0,0,23.91,12
61,0,0,1,1,0,0,0,0,1,0,5,1,0,23.91,13
62,0.41118,0.50985,1,1,1,2,5,0.5955,1,0,5,0,0,24.505,14
63,0,0.57885,3,1,0,3,4,0.35864,1,1,5,0,0,24.864,15
64,0,0.61365,3,1,0,3,4,0.004243,1,2,5,0,0,24.868,16
65,0.68034,0.38654,1,1,1,2,4,0.065675,0,0,5,0,0,24.934,17
66,0,0.52872,2,1,0,2,4,0.24568,0,1,5,0,0,25.18,18
67,0,0.4613,3,1,0,3,5,0.78427,0,2,5,0,0,25.964,19
68,0.60565,0.36679,1,1,1,2,5,0.95911,1,0,5,0,0,26.923,20
69,0,0.49149,3,1,0,3,4,0.19825,1,1,5,0,0,27.121,21
70,0,0,1,1,0,0,0,0,1,2,5,1,0,27.121,22
71,0,0.59702,2,1,0,2,5,0.97864,1,2,5,0,0,28.1,23
72,0,0.54686,3,1,0,3,4,0.077166,1,3,5,0,0,28.177,24
73,0,0,1,1,0,0,0,0,1,4,5,1,0,28.177,25
74,0,0.6056,3,1,0,3,4,0.009983,1,4,5,0,0,28.187,26
75,0,0.59748,2,1,0,2,4,0.29158,0,0,5,0,0,28.479,27
76,0,0.64573,3,1,0,3,5,0.92887,0,1,5,0,0,29.407,28
77,0,0.55763,3,1,0,3,5,0.92227,0,2,5,0,0,30.33,29
78,0,0,1,1,0,0,0,0,0,3,5,1,0,30.33,30
79,0,0.61681,2,1,0,2,4,0.31022,0,3,5,0,0,30.64,31
80,0.46333,0.43219,1,1,1,2,5,0.79401,1,0,5,0,0,31.434,32
81,0,0.45454,3,1,0,3,4,0.057028,1,1,5,0,0,31.491,33
82,0.54876,0.37121,1,1,1,2,5,0.91168,1,2,5,0,0,32.403,34
83,0,0.53827,3,1,0,3,5,0.76235,0,0,5,0,0,33.165,35
84,0.52576,0.32576,1,1,1,2,4,0.50501,0,1,5,0,0,33.67,36
85,0,0.5086,2,1,0,2,4,0.23398,0,2,5,0,0,33.904,37
86,0,0.56734,3,1,0,3,5,0.53176,0,3,5,0,0,34.436,38
87,0,0.63407,3,1,0,3,5,0.76063,0,4,5,0,0,35.196,39
88,0,0.47739,3,1,0,3,5,0.54843,0,5,5,0,0,35.745,40
89,0.71007,0.49517,1,1,1,2,5,0.79894,1,0,5,0,0,36.544,41
90,0.72378,0.36466,1,1,1,2,5,0.98212,1,1,5,0,0,37.526,42
91,0,0.73079,2,1,0,2,5,0.88494,1,2,5,0,0,38.411,43
92,0.59979,0.30916,1,1,2,3,4,0.069268,1,3,5,0,0,38.48,44
93,0.59173,0.31571,1,1,1,2,5,0.82888,1,4,5,0,0,39.309,45
94,0.51846,0.48135,1,1,2,3,4,0.29246,1,5,5,0,0,39.601,46
95,0.64323,0.30381,1,1,2,3,5,0.17045,0,0,4,0,0,39.772,0
96,0,0.48081,2,1,0,2,4,0.72632,0,1,4,0,0,40.498,1
97,0,0.61474,2,1,0,2,4,0.67838,0,2,4,0,0,41.177,2
98,0.65314,0.37076,1,1,2,3,4,0.53923,1,0,4,0,0,41.716,3
99,0,0.52365,2,1,0,2,5,0.49773,1,1,4,0,0,42.214,4
100,0,0.48055,2,1,0,2,5,0.22551,1,2,4,0,0,42.439,5
101,0.61556,0.30479,1,1,2,3,5,0.14156,0,0,4,0,0,42.581,6
102,0.61592,0.5145,1,1,2,3,5,0.125,0,1,4,0,0,42.706,7
103,0.60182,0.28306,1,1,2,3,5,0.012159,0,2,4,0,0,42.718,8
104,0.64337,0.3415,1,1,2,3,5,0.15601,0,3,4,0,0,42.874,9
105,0.44645,0.28052,1,1,2,3,5,0.19854,0,4,4,0,0,43.072,10
106,0,0,1,1,0,0,0,0,0,5,4,1,0,43.072,11
107,0,0.50417,2,1,0,2,4,0.9605,0,5,4,0,0,44.033,12
108,0,0.50792,2,1,0,2,5,0.002604,1,0,4,0,0,44.035,13
109,0,0.53724,2,1,0,2,5,0.14692,1,1,4,0,0,44.182,14
110,0.48919,0.32723,1,1,1,2,5,0.092712,1,2,4,0,0,44.275,15
111,0.68735,0.35243,1,1,2,3,5,0.33131,0,0,4,0,0,44.606,16
112,0,0.6809,3,1,0,3,5,0.38376,0,1,4,0,0,44.99,17
113,0,0.6037,3,1,0,3,5,0.37057,0,2,4,0,0,45.361,18
114,0.46952,0.43915,1,1,2,3,4,0.84103,1,0,4,0,0,46.202,19
115,0,0.62501,3,1,0,3,4,0.9159,1,1,4,0,0,47.118,20
116,0.60334,0.3414,1,1,2,3,4,0.78782,1,2,4,0,0,47.905,21
117,0,0.68671,2,1,0,2,5,0.009201,1,3,4,0,0,47.915,22
118,0.725,0.33483,1,1,2,3,4,0.8948,1,4,4,0,0,48.809,23
119,0.70402,0.29047,1,1,2,3,5,0.074278,0,0,4,0,0,48.884,24
120,0.50142,0.29934,1,1,1,2,4,0.92263,0,1,4,0,0,49.806,25
121,0.49215,0.54876,1,1,1,2,4,0.94555,0,2,4,0,0,50.752,26
122,0,0.58112,2,1,0,2,4,0.93782,0,3,4,0,0,51.69,27
123,0,0.73668,3,1,0,3,5,0.091309,0,4,4,0,0,51.781,28
124,0.73872,0.34004,1,1,1,2,4,0.75592,0,5,4,0,0,52.537,29
125,0,0.60244,2,1,0,2,5,0.24061,1,0,4,0,0,52.778,30
126,0,0.60484,2,1,0,2,5,0.26047,1,1,4,0,0,53.038,31
127,0,0.45422,2,1,0,2,5,0.20378,1,2,4,0,0,53.242,32
128,0,0.65038,3,1,0,3,4,0.84483,1,3,4,0,0,54.087,33
129,0,0.60616,2,1,0,2,5,0.015027,1,4,4,0,0,54.102,34
130,0,0.6693,3,1,0,3,4,0.64937,1,5,4,0,0,54.751,35
131,0,0.5792,2,1,0,2,4,0.73796,0,0,4,0,0,55.489,36
132,0,0.51109,2,1,0,2,4,0.62814,0,1,4,0,0,56.117,37
133,0,0.58026,3,1,0,3,5,0.10491,0,2,4,0,0,56.222,38
134,0,0.58244,2,1,0,2,4,0.84215,0,3,4,0,0,57.064,39
135,0,0.64282,3,1,0,3,5,0.24029,0,4,4,0,0,57.304,40
136,0,0.55027,3,1,0,3,4,0.94565,1,0,4,0,0,58.25,41
137,0.52165,0.33615,1,1,1,2,5,0.1898,1,1,4,0,0,58.44,42
138,0,0.54926,3,1,0,3,4,0.84134,1,2,4,0,0,59.281,43
139,0.7361,0.38462,1,1,2,3,5,0.31639,0,0,4,0,0,59.598,44
140,0.64305,0.46172,1,1,1,2,4,0.91577,0,1,4,0,0,60.513,45
141,0.69748,0.52418,1,1,2,3,5,0.03106,0,2,4,0,0,60.544,46
142,0.61987,0.35821,1,1,2,3,5,0.84662,0,3,5,0,0,61.391,0
143,0.69311,0.31734,1,1,1,2,4,0.42576,0,4,5,0,0,61.817,1
144,0.46922,0.33417,1,1,1,2,5,0.38097,1,0,5,0,0,62.198,2
145,0,0.59749,2,1,0,2,5,0.43707,1,1,5,0,0,62.635,3
146,0,0.45012,3,1,0,3,4,0.2785,1,2,5,0,0,62.913,4
147,0,0.56833,2,1,0,2,5,0.8505,1,3,5,0,0,63.764,5
148,0,0,2,1,0,2,0,0,1,4,5,1,0,63.764,6
149,0,0.41551,2,1,0,2,5,0.91055,1,4,5,0,0,64.674,7
150,0,0.56665,3,1,0,3,4,0.19293,1,5,5,0,0,64.867,8
151,0,0.71915,3,1,0,3,5,0.82823,0,0,5,0,0,65.696,9
152,0.72487,0.36103,1,1,1,2,4,0.46464,0,1,5,0,0,66.16,10
153,0.54552,0.42841,1,1,1,2,4,0.26535,0,2,5,0,0,66.426,11
154,0,0,1,1,0,0,0,0,1,0,5,1,0,66.426,12
155,0.49216,0.34005,1,1,2,3,4,0.052327,1,0,5,0,0,66.478,13
156,0,0,2,1,0,2,0,0,1,1,5,1,0,66.478,14
157,0,0.48888,3,1,0,3,4,0.11088,1,1,5,0,0,66.589,15
158,0,0.51483,2,1,0,2,5,0.85877,1,2,5,0,0,67.448,16
159,0.52288,0.31304,1,1,1,2,5,0.75151,1,3,5,0,0,68.199,17
160,0,0,1,1,0,0,0,0,1,4,5,1,0,68.199,18
161,0.73037,0.56539,1,1,1,2,5,0.4398,1,4,5,0,0,68.639,19
162,0,0.54747,2,1,0,2,4,0.32024,0,0,5,0,0,68.959,20
163,0,0.48387,2,1,0,2,4,0.57824,0,1,5,0,0,69.537,21
164,0,0,1,1,0,0,0,0,0,2,5,1,0,69.537,22
165,0.62903,0.37001,1,1,1,2,4,0.095208,0,2,5,0,0,69.633,23
166,0.44668,0.3373,1,1,1,2,4,0.1564,0,3,5,0,0,69.789,24
167,0.62573,0.3305,1,1,1,2,4,0.1956,0,4,5,0,0,69.985,25
168,0.73798,0.413,1,1,1,2,4,0.16138,0,5,5,0,0,70.146,26
169,0,0.53611,2,1,0,2,5,0.86109,1,0,5,0,0,71.007,27
170,0,0.58587,2,1,0,2,5,0.9824,1,1,5,0,0,71.989,28
171,0.5962,0.33859,1,1,1,2,5,0.96209,1,2,5,0,0,72.951,29
172,0.60111,0.38006,1,1,1,2,5,0.76693,1,3,5,0,0,73.718,30
173,0.55736,0.44092,1,1,1,2,5,0.71097,1,4,5,0,0,74.429,31
174,0,0.49832,2,1,0,2,4,0.52799,0,0,5,0,0,74.957,32
175,0.59828,0.39853,1,1,2,3,5,0.63698,0,1,5,0,0,75.594,33
176,0,0.51249,3,1,0,3,5,0.70835,0,2,5,0,0,76.303,34
177,0.72502,0.31099,1,1,1,2,4,0.003725,0,3,5,0,0,76.306,35
178,0.44177,0.31802,1,1,2,3,4,0.098747,1,0,5,0,0,76.405,36
179,0.48519,0.30611,1,1,2,3,4,0.053587,1,1,5,0,0,76.459,37
180,0,0.51154,2,1,0,2,5,0.92692,1,2,5,0,0,77.386,38
181,0.71132,0.53516,1,1,2,3,4,0.24215,1,3,5,0,0,77.628,39
182,0.62795,0.28239,1,1,1,2,4,0.40022,0,0,5,0,0,78.028,40
183,0.56046,0.31011,1,1,1,2,4,0.039968,0,1,5,0,0,78.068,41
184,0.61596,0.304,1,1,1,2,4,0.043456,0,2,5,0,0,78.111,42
185,0,0,3,1,0,3,0,0,1,0,5,0,1,78.111,43
186,0,0.45763,2,1,0,2,5,0.75663,1,0,5,0,0,78.868,44
187,0,0.48008,3,1,0,3,4,0.44976,1,1,5,0,0,79.318,45
188,0,0.61427,2,1,0,2,5,0.74398,1,2,5,0,0,80.062,46
189,0,0.47577,2,1,0,2,4,0.51789,0,0,4,0,0,80.58,0
190,0.47365,0.31333,1,1,2,3,5,0.26805,0,1,4,0,0,80.848,1
191,0,0.46818,3,1,0,3,5,0.47251,0,2,4,0,0,81.32,2
192,0.6485,0.52388,1,1,2,3,5,0.21608,0,3,4,0,0,81.536,3
193,0,0.41973,3,1,0,3,4,0.86431,1,0,4,0,0,82.401,4
194,0.47974,0.67076,1,1,2,3,4,0.74069,1,1,4,0,0,83.141,5
195,0.61531,0.3489,1,1,2,3,4,0.7471,1,2,4,0,0,83.888,6
196,0,0.46581,2,1,0,2,5,0.20815,1,3,4,0,0,84.097,7
197,0.68443,0.33436,1,1,2,3,5,0.12289,0,0,4,0,0,84.22,8
198,0.70122,0.3565,1,1,2,3,5,0.015525,0,1,4,0,0,84.235,9
199,0.55002,0.31442,1,1,2,3,5,0.032805,0,2,4,0,0,84.268,10
200,0.45342,0.32841,1,1,2,3,5,0.016341,0,3,4,0,0,84.284,11
201,0,0.48162,2,1,0,2,4,0.98708,0,4,4,0,0,85.271,12
202,0.63613,0.53899,1,1,2,3,5,0.24572,0,5,4,0,0,85.517,13
203,0,0.51651,2,1,0,2,5,0.23657,1,0,4,0,0,85.754,14
204,0,0.3916,2,1,0,2,5,0.10203,1,1,4,0,0,85.856,15
205,0.4442,0.35726,1,1,1,2,5,0.21371,1,2,4,0,0,86.069,16
206,0,0.54162,3,1,0,3,4,0.98372,1,3,4,0,0,87.053,17
207,0.51223,0.73967,1,1,2,3,4,0.83576,1,4,4,0,0,87.889,18
208,0,0.53643,3,1,0,3,4,0.95737,1,5,4,0,0,88.846,19
209,0,0.44079,2,1,0,2,5,0.10182,1,6,4,0,0,88.948,20
210,0.44051,0.34887,1,1,1,2,5,0.22914,1,7,4,0,0,89.177,21
211,0.57871,0.56917,1,1,1,2,5,0.23271,1,8,4,0,0,89.41,22
212,0.48125,0.46013,1,1,1,2,4,0.87868,0,0,4,0,0,90.289,23
213,0.46264,0.32068,1,1,2,3,5,0.14249,0,1,4,0,0,90.431,24
214,0,0.5839,3,1,0,3,5,0.080569,0,2,4,0,0,90.512,25
215,0,0,1,1,0,0,0,0,0,3,4,1,0,90.512,26
216,0.45432,0.44289,1,1,2,3,5,0.010521,0,3,4,0,0,90.522,27
217,0.49839,0.49713,1,1,2,3,5,0.2138,0,4,4,0,0,90.736,28
218,0.46152,0.49051,1,1,2,3,5,0.29405,0,5,4,0,0,91.03,29
219,0.44104,0.44177,1,1,2,3,5,0.25289,0,6,4,0,0,91.283,30
220,0.42452,0.43835,1,1,2,3,5,0.32919,0,7,4,0,0,91.612,31
221,0.46208,0.39378,1,1,2,3,5,0.25126,0,8,4,0,0,91.863,32
222,0.39232,0.54177,1,1,1,2,4,0.9845,0,9,4,0,0,92.848,33
223,0,0.59701,3,1,0,3,4,0.68442,1,0,4,0,0,93.532,34
224,0,0.60108,2,1,0,2,5,0.27582,1,1,4,0,0,93.808,35
225,0.45588,0.29783,1,1,1,2,5,0.44406,1,2,4,0,0,94.252,36
226,0,0,1,1,0,0,0,0,1,3,4,1,0,94.252,37
227,0.53393,0.33069,1,1,1,2,5,0.64629,1,3,4,0,0,94.898,38
228,0,0.57303,2,1,0,2,5,0.36254,1,4,4,0,0,95.261,39
229,0.61843,0.29116,1,1,1,2,5,0.006923,1,5,4,0,0,95.268,40
230,0.54059,0.44264,1,1,1,2,5,0.01986,1,6,4,0,0,95.288,41
231,0,0,1,1,0,0,0,0,1,7,4,1,0,95.288,42
232,0,0.6047,3,1,0,3,4,0.60971,1,7,4,0,0,95.897,43
233,0,0.47311,2,1,0,2,4,0.57264,0,0,4,0,0,96.47,44
234,0,0.52012,3,1,0,3,5,0.53998,0,1,4,0,0,97.01,45
235,0,0.57754,2,1,0,2,4,0.62071,0,2,4,0,0,97.631,46
236,0,0.61337,2,1,0,2,4,0.30427,0,3,5,0,0,97.935,0
237,0,0.56602,3,1,0,3,5,0.93295,0,4,5,0,0,98.868,1
238,0.64882,0.50466,1,1,1,2,4,0.1038,0,5,5,0,0,98.972,2
239,0.48223,0.54248,1,1,1,2,4,0.28176,0,6,5,0,0,99.254,3
240,0.44633,0.41195,1,1,1,2,4,0.52355,0,7,5,0,0,99.777,4
241,0.51497,0.45285,1,1,1,2,4,0.84028,0,8,5,0,0,100.62,5
242,0.60869,0.6058,1,1,1,2,4,0.82129,0,9,5,0,0,101.44,6
243,0.46401,0.41151,1,1,1,2,5,0.34546,1,0,5,0,0,101.78,7
244,0.47776,0.30339,1,1,2,3,4,0.40226,1,1,5,0,0,102.19,8
245,0,0.53441,2,1,0,2,5,0.5488,1,2,5,0,0,102.74,9
246,0,0.42352,3,1,0,3,4,0.38616,1,3,5,0,0,103.12,10
247,0,0.5715,3,1,0,3,4,0.69034,1,4,5,0,0,103.81,11
248,0,0.53957,2,1,0,2,5,0.81614,1,5,5,0,0,104.63,12
249,0,0,1,1,0,0,0,0,1,6,5,1,0,104.63,13
250,0.48404,0.37874,1,1,1,2,5,0.63807,1,6,5,0,0,105.27,14
251,0,0.60224,3,1,0,3,4,0.31044,1,7,5,0,0,105.58,15
252,0.63758,0.53287,1,1,1,2,5,0.59719,1,8,5,0,0,106.17,16
253,0.49633,0.49896,1,1,2,3,5,0.84694,0,0,5,0,0,107.02,17
254,0,0.49851,3,1,0,3,5,0.76071,0,1,5,0,0,107.78,18
255,0,0.52131,3,1,0,3,5,0.886,0,2,5,0,0,108.67,19
256,0,0.45881,3,1,0,3,5,0.71463,0,3,5,0,0,109.38,20
257,0.47957,0.42637,1,1,2,3,5,0.97184,0,4,5,0,0,110.35,21
258,0,0.40501,3,1,0,3,5,0.76256,0,5,5,0,0,111.12,22
259,0.68324,0.33218,1,1,1,2,4,0.31378,0,6,5,0,0,111.43,23
260,0,0.46764,3,1,0,3,5,0.6182,0,7,5,0,0,112.05,24
261,0,0.6364,3,1,0,3,4,0.46085,1,0,5,0,0,112.51,25
262,0.68422,0.51349,1,1,2,3,4,0.43478,1,1,5,0,0,112.94,26
263,0.59441,0.29008,1,1,2,3,4,0.19643,1,2,5,0,0,113.14,27
264,0,0.49658,3,1,0,3,4,0.37717,1,3,5,0,0,113.52,28
265,0,0.47308,3,1,0,3,4,0.36836,1,4,5,0,0,113.89,29
266,0,0.40091,3,1,0,3,4,0.27683,1,5,5,0,0,114.16,30
267,0,0.42726,3,1,0,3,4,0.06574,1,6,5,0,0,114.23,31
268,0.64214,0.33899,1,1,1,2,4,0.14974,0,0,5,0,0,114.38,32
269,0,0.47462,2,1,0,2,4,0.055877,0,1,5,0,0,114.43,33
270,0.57419,0.28303,1,1,2,3,5,0.89823,0,2,5,0,0,115.33,34
271,0,0.51479,3,1,0,3,5,0.7345,0,3,5,0,0,116.07,35
272,0.58467,0.33272,1,1,1,2,4,0.2078,0,4,5,0,0,116.27,36
273,0.48066,0.51708,1,1,1,2,4,0.39814,0,5,5,0,0,116.67,37
274,0.53494,0.39674,1,1,1,2,4,0.45295,0,6,5,0,0,117.13,38
275,0,0.59935,2,1,0,2,4,0.10585,0,7,5,0,0,117.23,39
276,0.57515,0.31168,1,1,1,2,4,0.27288,0,8,5,0,0,117.5,40
277,0,0.55548,3,1,0,3,5,0.77304,0,9,5,0,0,118.28,41
278,0.62994,0.34382,1,1,2,3,4,0.26943,1,0,5,0,0,118.55,42
279,0.56846,0.63922,1,1,1,2,5,0.74809,1,1,5,0,0,119.29,43
280,0,0.53662,2,1,0,2,5,0.64017,1,2,5,0,0,119.94,44
281,0.57742,0.51114,1,1,1,2,5,0.52585,1,3,5,0,0,120.46,45
282,0,0.62348,3,1,0,3,4,0.46139,1,4,5,0,0,120.92,46
283,0.58963,0.52039,1,1,1,2,5,0.31466,1,5,4,0,0,121.24,0
284,0,0.51966,3,1,0,3,4,0.98467,1,6,4,0,0,122.22,1
285,0,0.56441,2,1,0,2,5,0.025943,1,7,4,0,0,122.25,2
286,0.64019,0.43608,1,1,1,2,4,0.92512,0,0,4,0,0,123.17,3
287,0.57774,0.6244,1,1,2,3,5,0.22523,0,1,4,0,0,123.4,4
288,0.50278,0.30922,1,1,2,3,5,0.15148,0,2,4,0,0,123.55,5
289,0,0.42303,3,1,0,3,5,0.059069,0,3,4,0,0,123.61,6
290,0.61181,0.43268,1,1,2,3,5,0.026399,0,4,4,0,0,123.63,7
291,0.53536,0.33032,1,1,2,3,5,0.016664,0,5,4,0,0,123.65,8
292,0.70859,0.31353,1,1,2,3,5,0.15282,0,6,4,0,0,123.8,9
293,0,0,3,1,0,3,0,0,1,0,4,0,1,123.8,10
294,0.52593,0.33184,1,1,2,3,4,0.65239,1,0,4,0,0,124.46,11
295,0,0.51098,3,1,0,3,4,0.57762,1,1,4,0,0,125.03,12
296,0,0.61148,2,1,0,2,5,0.18095,1,2,4,0,0,125.22,13
297,0.57574,0.30585,1,1,1,2,5,0.23295,1,3,4,0,0,125.45,14
298,0.64626,0.30763,1,1,1,2,5,0.22347,1,4,4,0,0,125.67,15
299,0.5401,0.50015,1,1,1,2,5,0.26201,1,5,4,0,0,125.93,16
300,0.69608,0.60414,1,1,1,2,5,0.057541,1,6,4,0,0,125.99,17
301,0,0.48755,2,1,0,2,5,0.012822,1,7,4,0,0,126,18
302,0.62111,0.31406,1,1,1,2,5,0.020471,1,8,4,0,0,126.02,19
303,0.64259,0.28582,1,1,2,3,5,0.13529,0,0,4,0,0,126.16,20
304,0,0,1,1,0,0,0,0,0,1,4,1,0,126.16,21
305,0.59768,0.44897,1,1,2,3,5,0.065855,0,1,4,0,0,126.23,22
306,0.50758,0.3048,1,1,2,3,5,0.094047,0,2,4,0,0,126.32,23
307,0,0,1,1,0,0,0,0,0,3,4,1,0,126.32,24
308,0.47099,0.44346,1,1,2,3,5,0.24117,0,3,4,0,0,126.56,25
309,0.43927,0.34432,1,1,2,3,5,0.079023,0,4,4,0,0,126.64,26
310,0,0.6256,2,1,0,2,4,0.88473,0,5,4,0,0,127.52,27
311,0,0.6174,3,1,0,3,5,0.21664,0,6,4,0,0,127.74,28
312,0,0.55336,3,1,0,3,4,0.90253,1,0,4,0,0,128.64,29
313,0.59862,0.43262,1,1,1,2,5,0.18463,1,1,4,0,0,128.83,30
314,0.55266,0.32869,1,1,1,2,5,0.009796,1,2,4,0,0,128.84,31
315,0.42816,0.33018,1,1,1,2,5,0.001298,1,3,4,0,0,128.84,32
316,0.50536,0.34953,1,1,2,3,4,0.92015,1,4,4,0,0,129.76,33
317,0.44968,0.26853,1,1,2,3,4,0.90692,1,5,4,0,0,130.67,34
318,0,0.50447,3,1,0,3,4,0.96665,1,6,4,0,0,131.63,35
319,0,0.51856,2,1,0,2,5,0.066875,1,7,4,0,0,131.7,36
320,0.74776,0.26994,1,1,2,3,5,0.064084,0,0,4,0,0,131.76,37
321,0,0.45974,3,1,0,3,5,0.18227,0,1,4,0,0,131.95,38
322,0.58745,0.30255,1,1,1,2,4,0.92648,0,2,4,0,0,132.87,39
323,0.55726,0.3214,1,1,2,3,5,0.068191,0,3,4,0,0,132.94,40
324,0,0.66321,3,1,0,3,5,0.13287,0,4,4,0,0,133.07,41
325,0,0.42462,2,1,0,2,4,0.79463,0,5,4,0,0,133.87,42
326,0.56889,0.31611,1,1,2,3,5,0.34831,0,6,4,0,0,134.22,43
327,0,0.44373,2,1,0,2,4,0.9089,0,7,4,0,0,135.13,44
328,0,0.6091,2,1,0,2,4,0.82787,0,8,4,0,0,135.95,45
329,0,0.49325,2,1,0,2,5,0.23213,1,0,4,0,0,136.19,46
330,0,0.43946,3,1,0,3,4,0.21673,1,1,5,0,0,136.4,0
331,0,0.55388,2,1,0,2,5,0.91792,1,2,5,0,0,137.32,1
332,0,0.48308,2,1,0,2,5,0.99383,1,3,5,0,0,138.31,2
333,0,0.50896,2,1,0,2,5,0.94183,1,4,5,0,0,139.26,3
334,0,0.51341,3,1,0,3,4,0.04788,1,5,5,0,0,139.3,4
335,0.62853,0.34206,1,1,1,2,5,0.97616,1,6,5,0,0,140.28,5
336,0,0.43026,2,1,0,2,5,0.82188,1,7,5,0,0,141.1,6
337,0.53633,0.30983,1,1,1,2,5,0.85113,1,8,5,0,0,141.95,7
338,0.59276,0.29491,1,1,1,2,4,0.11736,0,0,5,0,0,142.07,8
339,0,0.59671,3,1,0,3,5,0.91886,0,1,5,0,0,142.99,9
340,0.51972,0.29945,1,1,2,3,5,0.93319,0,2,5,0,0,143.92,10
341,0,0,3,1,0,3,0,0,0,3,5,1,0,143.92,11
342,0,0.52588,3,1,0,3,5,0.96072,0,3,5,0,0,144.88,12
343,0,0.55374,3,1,0,3,5,0.90229,0,4,5,0,0,145.79,13
344,0,0.4904,2,1,0,2,4,0.10511,0,5,5,0,0,145.89,14
345,0,0.45049,3,1,0,3,5,0.91743,0,6,5,0,0,146.81,15
346,0,0,1,1,0,0,0,0,0,7,5,1,0,146.81,16
347,0.43,0.36162,1,1,2,3,5,0.79472,0,7,5,0,0,147.6,17
348,0,0.64966,2,1,0,2,4,0.17274,0,8,5,0,0,147.78,18
349,0,0.4568,2,1,0,2,5,0.9741,1,0,5,0,0,148.75,19
350,0.64772,0.31821,1,1,2,3,4,0.040425,1,1,5,0,0,148.79,20
351,0,0.65582,2,1,0,2,5,0.99104,1,2,5,0,0,149.78,21
352,0,0.64358,3,1,0,3,4,0.078404,1,3,5,0,0,149.86,22
353,0,0.55723,3,1,0,3,4,0.1876,1,4,5,0,0,150.05,23
354,0,0.66334,2,1,0,2,5,0.66372,1,5,5,0,0,150.71,24
355,0.5785,0.47057,1,1,1,2,5,0.60116,1,6,5,0,0,151.31,25
356,0,0.50324,3,1,0,3,5,0.77892,0,0,5,0,0,152.09,26
357,0,0.60378,2,1,0,2,4,0.082704,0,1,5,0,0,152.17,27
358,0,0.51237,3,1,0,3,5,0.96976,0,2,5,0,0,153.14,28
359,0,0.49626,2,1,0,2,4,0.093196,0,3,5,0,0,153.24,29
360,0.56787,0.27925,1,1,2,3,5,0.98646,0,4,5,0,0,154.22,30
361,0,0.58582,3,1,0,3,5,0.92312,0,5,5,0,0,155.15,31
362,0,0.4516,2,1,0,2,4,0.018012,0,6,5,0,0,155.16,32
363,0.66046,0.30373,1,1,2,3,4,0.009011,1,0,5,0,0,155.17,33
364,0,0.54745,2,1,0,2,5,0.98325,1,1,5,0,0,156.16,34
365,0,0.52999,2,1,0,2,5,0.99173,1,2,5,0,0,157.15,35
366,0.5933,0.29815,1,1,2,3,4,0.034457,1,3,5,0,0,157.18,36
367,0.42018,0.31516,1,1,2,3,4,0.14101,1,4,5,0,0,157.32,37
368,0,0.47386,2,1,0,2,5,0.6171,1,5,5,0,0,157.94,38
369,0,0.4352,2,1,0,2,5,0.46613,1,6,5,0,0,158.41,39
370,0,0.47289,3,1,0,3,5,0.42938,0,0,5,0,0,158.84,40
371,0.66058,0.48766,1,1,1,2,4,0.42284,0,1,5,0,0,159.26,41
372,0.51085,0.26619,1,1,1,2,4,0.19618,0,2,5,0,0,159.46,42
373,0.65536,0.25717,1,1,1,2,4,0.28817,0,3,5,0,0,159.74,43
374,0,0.57176,2,1,0,2,4,0.49673,0,4,5,0,0,160.24,44
375,0,0.42406,2,1,0,2,4,0.44639,0,5,5,0,0,160.69,45
376,0.58744,0.26984,1,1,1,2,4,0.63823,0,6,5,0,0,161.32,46
377,0,0.57801,2,1,0,2,4,0.46384,0,7,4,0,0,161.79,0
378,0,0.69355,3,1,0,3,5,0.61745,0,8,4,0,0,162.41,1
379,0.60941,0.32119,1,1,2,3,4,0.62149,1,0,4,0,0,163.03,2
380,0,0.54551,3,1,0,3,4,0.64368,1,1,4,0,0,163.67,3
381,0.65324,0.29068,1,1,2,3,4,0.80696,1,2,4,0,0,164.48,4
382,0,0.55348,3,1,0,3,4,0.76397,1,3,4,0,0,165.24,5
383,0.63941,0.3426,1,1,1,2,5,0.068855,1,4,4,0,0,165.31,6
384,0,0.44182,2,1,0,2,5,0.18416,1,5,4,0,0,165.5,7
385,0.59297,0.28576,1,1,2,3,4,0.74694,1,6,4,0,0,166.24,8
386,0,0.62752,3,1,0,3,5,0.3366,0,0,4,0,0,166.58,9
387,0,0.55057,2,1,0,2,4,0.67194,0,1,4,0,0,167.25,10
388,0.55364,0.25912,1,1,2,3,5,0.31111,0,2,4,0,0,167.56,11
389,0.58608,0.19475,1,1,1,2,4,0.71446,0,3,4,0,0,168.28,12
390,0,0.48622,2,1,0,2,4,0.99409,0,4,4,0,0,169.27,13
391,0,0.53403,3,1,0,3,5,0.39172,0,5,4,0,0,169.66,14
392,0,0.47354,2,1,0,2,4,0.70296,0,6,4,0,0,170.37,15
393,0,0.55591,3,1,0,3,5,0.17701,0,7,4,0,0,170.54,16
394,0,0.41877,2,1,0,2,5,0.091579,1,0,4,0,0,170.63,17
395,0,0.46198,3,1,0,3,4,0.95494,1,1,4,0,0,171.59,18
396,0.60787,0.47247,1,1,1,2,5,0.057113,1,2,4,0,0,171.65,19
397,0.64996,0.25889,1,1,1,2,5,0.15613,1,3,4,0,0,171.8,20
398,0,0.60928,2,1,0,2,5,0.010019,1,4,4,0,0,171.81,21
399,0,0,1,1,0,0,0,0,1,5,4,1,0,171.81,22
400,0,0.58471,2,1,0,2,5,0.05365,1,5,4,0,0,171.87,23
401,0,0.62042,3,1,0,3,4,0.96536,1,6,4,0,0,172.83,24
402,0.55289,0.63438,1,1,1,2,4,0.93854,0,0,4,0,0,173.77,25
403,0.54055,0.34524,1,1,2,3,5,0.16117,0,1,4,0,0,173.93,26
404,0,0.48773,2,1,0,2,4,0.92914,0,2,4,0,0,174.86,27
405,0,0.62539,3,1,0,3,5,0.007096,0,3,4,0,0,174.87,28
406,0.65326,0.52215,1,1,1,2,4,0.61627,0,4,4,0,0,175.48,29
407,0,0.60552,2,1,0,2,4,0.67198,0,5,4,0,0,176.16,30
408,0.6515,0.28464,1,1,2,3,5,0.13804,0,6,4,0,0,176.29,31
409,0.61627,0.34719,1,1,1,2,4,0.75343,0,7,4,0,0,177.05,32
410,0.69018,0.30917,1,1,1,2,4,0.80986,0,8,4,0,0,177.86,33
411,0,0.58182,2,1,0,2,4,0.91327,0,9,4,0,0,178.77,34
412,0,0,1,1,0,0,0,0,0,10,4,1,0,178.77,35
413,0,0.60452,2,1,0,2,4,0.87913,0,10,4,0,0,179.65,36
414,0.60239,0.41568,1,1,2,3,5,0.24455,0,11,4,0,0,179.89,37
415,0,0.54106,3,1,0,3,5,0.34709,0,12,4,0,0,180.24,38
416,0.61301,0.40076,1,1,1,2,5,0.11197,1,0,4,0,0,180.35,39
417,0.69865,0.28861,1,1,2,3,4,0.98944,1,1,4,0,0,181.34,40
418,0,0.71079,2,1,0,2,5,0.016439,1,2,4,0,0,181.36,41
419,0.56283,0.45932,1,1,1,2,5,0.18237,1,3,4,0,0,181.54,42
420,0,0.63314,3,1,0,3,4,0.84317,1,4,4,0,0,182.38,43
421,0,0.42318,3,1,0,3,4,0.55572,1,5,4,0,0,182.94,44
422,0,0,1,1,0,0,0,0,1,6,4,1,0,182.94,45
423,0,0.5999,2,1,0,2,5,0.088399,1,6,4,0,0,183.03,46
424,0.56262,0.29351,1,1,1,2,5,0.80046,1,7,5,0,0,183.83,0
425,0.61867,0.28131,1,1,2,3,4,0.089015,1,8,5,0,0,183.92,1
426,0.56619,0.26742,1,1,2,3,4,0.04298,1,9,5,0,0,183.96,2
427,0,0.6583,2,1,0,2,5,0.872,1,10,5,0,0,184.83,3
428,0,0.53066,3,1,0,3,4,0.068884,1,11,5,0,0,184.9,4
429,0.62877,0.18498,1,1,2,3,5,0.97989,0,0,5,0,0,185.88,5
430,0.61344,0.25643,1,1,2,3,5,0.92734,0,1,5,0,0,186.81,6
431,0.73489,0.27932,1,1,2,3,5,0.82929,0,2,5,0,0,187.64,7
432,0,0.5443,2,1,0,2,4,0.26226,0,3,5,0,0,187.9,8
433,0.59831,0.25088,1,1,2,3,5,0.67772,0,4,5,0,0,188.58,9
434,0.53383,0.27214,1,1,2,3,5,0.92146,0,5,5,0,0,189.5,10
435,0,0,3,1,0,3,0,0,0,6,5,0,1,189.5,11
436,0.63498,0.2491,1,1,1,2,4,0.32492,0,6,5,0,0,189.82,12
437,0,0.58432,3,1,0,3,5,0.77473,0,7,5,0,0,190.6,13
438,0.59881,0.18409,1,1,2,3,5,0.96278,0,8,5,0,0,191.56,14
439,0,0.62361,3,1,0,3,5,0.85737,0,9,5,0,0,192.42,15
440,0.54986,0.48993,1,1,1,2,4,0.065326,0,10,5,0,0,192.48,16
441,0,0,1,1,0,0,0,0,0,11,5,1,0,192.48,17
442,0,0.65447,3,1,0,3,5,0.91571,0,11,5,0,0,193.4,18
443,0.59801,0.30421,1,1,1,2,4,0.071988,0,12,5,0,0,193.47,19
444,0,0.64077,3,1,0,3,5,0.85729,0,13,5,0,0,194.33,20
445,0,0.60012,3,1,0,3,4,0.14986,1,0,5,0,0,194.48,21
446,0.50272,0.30223,1,1,1,2,5,0.70743,1,1,5,0,0,195.19,22
447,0.48347,0.31938,1,1,1,2,5,0.9368,1,2,5,0,0,196.12,23
448,0.5134,0.31032,1,1,1,2,5,0.97394,1,3,5,0,0,197.1,24
449,0,0.59834,3,1,0,3,4,0.003068,1,4,5,0,0,197.1,25
450,0,0.5363,3,1,0,3,4,0.055999,1,5,5,0,0,197.16,26
451,0,0.48137,2,1,0,2,5,0.93205,1,6,5,0,0,198.09,27
452,0,0.46535,3,1,0,3,4,0.19501,1,7,5,0,0,198.28,28
453,0.57454,0.19416,1,1,1,2,5,0.97317,1,8,5,0,0,199.26,29
454,0.42706,0.2579,1,1,1,2,5,0.65208,1,9,5,0,0,199.91,30
455,0,0.62252,3,1,0,3,4,0.073888,1,10,5,0,0,199.98,31
456,0.59088,0.20246,1,1,1,2,5,0.99673,1,11,5,0,0,200.98,32
457,0.50578,0.12294,1,1,1,2,5,0.95573,1,12,5,0,0,201.94,33
458,0.46441,0.27818,1,1,1,2,5,0.95006,1,13,5,0,0,202.89,34
459,0.66484,0.31062,1,1,1,2,4,0.27361,0,0,5,0,0,203.16,35
460,0,0.59723,2,1,0,2,4,0.3678,0,1,5,0,0,203.53,36
461,0,0.60017,2,1,0,2,4,0.19882,0,2,5,0,0,203.73,37
462,0,0,1,1,0,0,0,0,0,3,5,1,0,203.73,38
463,0.43098,0.30719,1,1,2,3,5,0.925,0,3,5,0,0,204.65,39
464,0.54439,0.27952,1,1,2,3,5,0.86564,0,4,5,0,0,205.52,40
465,0.4396,0.30673,1,1,2,3,5,0.96124,0,5,5,0,0,206.48,41
466,0,0,3,1,0,3,0,0,0,6,5,0,1,206.48,42
467,0,0.43968,2,1,0,2,4,0.039923,0,6,5,0,0,206.52,43
468,0,0.62856,2,1,0,2,4,0.020096,0,7,5,0,0,206.54,44
469,0,0.46146,2,1,0,2,4,0.021062,0,8,5,0,0,206.56,45
470,0,0.66411,3,1,0,3,5,0.86192,0,9,5,0,0,207.42,46
471,0,0.38539,3,1,0,3,5,0.026112,0,10,4,0,0,207.45,0
472,0,0.56693,2,1,0,2,4,0.94205,0,11,4,0,0,208.39,1
473,0,0.54141,3,1,0,3,5,0.33337,0,12,4,0,0,208.72,2
474,0,0.59575,3,1,0,3,5,0.23047,0,13,4,0,0,208.95,3
475,0.61765,0.2553,1,1,1,2,5,0.42211,1,0,4,0,0,209.37,4
476,0.55785,0.30829,1,1,2,3,4,0.79234,1,1,4,0,0,210.17,5
477,0,0,3,1,0,3,0,0,1,2,4,1,0,210.17,6
478,0,0.63353,2,1,0,2,5,0.044665,1,2,4,0,0,210.21,7
479,0,0.43335,2,1,0,2,5,0.17263,1,3,4,0,0,210.38,8
480,0,0,1,1,0,0,0,0,1,4,4,1,0,210.38,9
481,0,0.60023,2,1,0,2,5,0.38514,1,4,4,0,0,210.77,10
482,0.60267,0.2796,1,1,1,2,5,0.41332,1,5,4,0,0,211.18,11
483,0,0.58676,3,1,0,3,4,0.71752,1,6,4,0,0,211.9,12
484,0.68233,0.3557,1,1,1,2,5,0.050778,1,7,4,0,0,211.95,13
485,0,0,2,1,0,2,0,0,1,8,4,1,0,211.95,14
486,0,0.50197,2,1,0,2,5,0.37189,1,8,4,0,0,212.32,15
487,0.51389,0.30001,1,1,2,3,4,0.83534,1,9,4,0,0,213.16,16
488,0.47491,0.43569,1,1,2,3,4,0.80619,1,10,4,0,0,213.96,17
489,0.46641,0.32524,1,1,2,3,4,0.89818,1,11,4,0,0,214.86,18
490,0,0.48743,3,1,0,3,4,0.957,1,12,4,0,0,215.82,19
491,0,0.48053,2,1,0,2,5,0.20304,1,13,4,0,0,216.02,20
492,0.61224,0.29444,1,1,2,3,5,0.32579,0,0,4,0,0,216.35,21
493,0,0,3,1,0,3,0,0,0,1,4,0,1,216.35,22
494,0.54536,0.32157,1,1,1,2,4,0.97689,0,1,4,0,0,217.33,23
495,0,0.52973,3,1,0,3,5,0.10027,0,2,4,0,0,217.43,24
496,0.58658,0.31684,1,1,1,2,4,0.98975,0,3,4,0,0,218.42,25
497,0.49549,0.31319,1,1,1,2,4,0.96249,0,4,4,0,0,219.38,26
498,0.58434,0.30697,1,1,1,2,4,0.9893,0,5,4,0,0,220.37,27
499,0.45867,0.30452,1,1,1,2,4,0.96051,0,6,4,0,0,221.33,28
500,0.53093,0.36815,1,1,1,2,4,0.94736,0,7,4,0,0,222.27,29
501,0,0.71868,3,1,0,3,5,0.037931,0,8,4,0,0,222.31,30
502,0.49872,0.22829,1,1,1,2,4,0.82535,0,9,4,0,0,223.14,31
503,0,0.74421,2,1,0,2,4,0.46313,0,10,4,0,0,223.6,32
504,0,0.6029,3,1,0,3,5,0.32604,0,11,4,0,0,223.93,33
505,0,0.52967,3,1,0,3,5,0.39269,0,12,4,0,0,224.32,34
506,0,0.58868,2,1,0,2,4,0.88427,0,13,4,0,0,225.2,35
507,0,0.5384,2,1,0,2,5,0.021299,1,0,4,0,0,225.23,36
508,0,0.55156,3,1,0,3,4,0.92002,1,1,4,0,0,226.15,37
509,0.61288,0.27829,1,1,1,2,5,0.1732,1,2,4,0,0,226.32,38
510,0.48084,0.38378,1,1,2,3,4,0.84328,1,3,4,0,0,227.16,39
511,0.4629,0.28015,1,1,2,3,4,0.59897,1,4,4,0,0,227.76,40
512,0.58811,0.28024,1,1,1,2,5,0.4338,1,5,4,0,0,228.19,41
513,0,0.62594,3,1,0,3,4,0.74821,1,6,4,0,0,228.94,42
514,0,0.65691,2,1,0,2,5,0.008839,1,7,4,0,0,228.95,43
515,0.52851,0.27556,1,1,2,3,4,0.98054,1,8,4,0,0,229.93,44
516,0,0.47775,2,1,0,2,5,0.011642,1,9,4,0,0,229.94,45
517,0,0.43619,2,1,0,2,5,0.02178,1,10,4,0,0,229.97,46
518,0,0.49444,3,1,0,3,5,0.76496,0,0,5,0,0,230.73,0
519,0.62232,0.2033,1,1,1,2,4,0.22202,0,1,5,0,0,230.95,1
520,0.5987,0.26313,1,1,2,3,5,0.75695,0,2,5,0,0,231.71,2
521,0,0.7303,3,1,0,3,5,0.71129,0,3,5,0,0,232.42,3
522,0,0.43413,2,1,0,2,4,0.22158,0,4,5,0,0,232.64,4
523,0.55829,0.28358,1,1,1,2,4,0.014339,0,5,5,0,0,232.66,5
524,0,0.5946,3,1,0,3,5,0.91636,0,6,5,0,0,233.57,6
525,0.55721,0.37695,1,1,1,2,4,0.14337,0,7,5,0,0,233.72,7
526,0.59424,0.19214,1,1,1,2,4,0.18219,0,8,5,0,0,233.9,8
527,0.4506,0.23479,1,1,2,3,5,0.88599,0,9,5,0,0,234.78,9
528,0.5542,0.38873,1,1,2,3,5,0.9851,0,10,5,0,0,235.77,10
529,0.55486,0.3157,1,1,2,3,5,0.98589,0,11,5,0,0,236.76,11
530,0.50257,0.32737,1,1,2,3,5,0.9705,0,12,5,0,0,237.73,12
531,0.47231,0.29599,1,1,2,3,4,0.037019,1,0,5,0,0,237.76,13
532,0.48017,0.29505,1,1,1,2,5,0.9563,1,1,5,0,0,238.72,14
533,0,0.60989,3,1,0,3,4,0.29581,1,2,5,0,0,239.02,15
534,0,0.40966,2,1,0,2,5,0.96714,1,3,5,0,0,239.98,16
535,0.54558,0.26224,1,1,1,2,5,0.82556,1,4,5,0,0,240.81,17
536,0.43723,0.25655,1,1,1,2,5,0.98133,1,5,5,0,0,241.79,18
537,0,0.49678,2,1,0,2,5,0.98978,1,6,5,0,0,242.78,19
538,0,0.57526,3,1,0,3,4,0.098431,1,7,5,0,0,242.88,20
539,0,0.70369,3,1,0,3,4,0.032135,1,8,5,0,0,242.91,21
540,0,0.58837,3,1,0,3,4,0.21299,1,9,5,0,0,243.12,22
541,0,0.59388,3,1,0,3,4,0.025349,1,10,5,0,0,243.15,23
542,0,0.46151,2,1,0,2,5,0.94228,1,11,5,0,0,244.09,24
543,0,0.43641,3,1,0,3,4,0.22604,1,12,5,0,0,244.32,25
544,0,0.49657,2,1,0,2,4,0.21628,0,0,5,0,0,244.53,26
545,0,0,3,1,0,3,0,0,0,1,5,0,1,244.53,27
546,0,0.4525,3,1,0,3,5,0.88709,0,1,5,0,0,245.42,28
547,0,0.44891,3,1,0,3,5,0.9752,0,2,5,0,0,246.4,29
548,0.73262,0.3676,1,1,1,2,4,0.12972,0,3,5,0,0,246.52,30
549,0,0.58755,3,1,0,3,5,0.7687,0,4,5,0,0,247.29,31
550,0,0.58748,3,1,0,3,5,0.89138,0,5,5,0,0,248.18,32
551,0,0.47837,3,1,0,3,5,0.84971,0,6,5,0,0,249.03,33
552,0.53937,0.23205,1,1,2,3,5,0.89488,0,7,5,0,0,249.93,34
553,0,0.51075,3,1,0,3,5,0.73177,0,8,5,0,0,250.66,35
554,0.47985,0.28606,1,1,2,3,5,0.94441,0,9,5,0,0,251.61,36
555,0,0.4847,3,1,0,3,5,0.83106,0,10,5,0,0,252.44,37
556,0,0.45722,2,1,0,2,4,0.16669,0,11,5,0,0,252.6,38
557,0,0.41013,3,1,0,3,5,0.57404,0,12,5,0,0,253.18,39
558,0.50132,0.28906,1,1,2,3,5,0.52024,0,13,5,0,0,253.7,40
559,0,0.36506,3,1,0,3,4,0.57134,1,0,5,0,0,254.27,41
560,0,0.4915,2,1,0,2,5,0.60959,1,1,5,0,0,254.88,42
561,0.6211,0.28902,1,1,1,2,5,0.49025,1,2,5,0,0,255.37,43
562,0.56639,0.26847,1,1,1,2,5,0.36046,1,3,5,0,0,255.73,44
563,0,0.54012,2,1,0,2,5,0.53884,1,4,5,0,0,256.27,45
564,0,0,3,1,0,3,0,0,1,5,5,1,0,256.27,46
565,0,0.58981,2,1,0,2,5,0.65396,1,5,4,0,0,256.92,0
566,0.59289,0.44675,1,1,2,3,4,0.032,1,6,4,0,0,256.95,1
567,0,0,3,1,0,3,0,0,1,7,4,1,0,256.95,2
568,0,0.72609,3,1,0,3,4,0.2631,1,7,4,0,0,257.22,3
569,0,0.63077,2,1,0,2,5,0.62152,1,8,4,0,0,257.84,4
570,0,0.65287,2,1,0,2,5,0.46718,1,9,4,0,0,258.31,5
571,0.45471,0.32516,1,1,1,2,5,0.18156,1,10,4,0,0,258.49,6
572,0,0.58608,3,1,0,3,4,0.58291,1,11,4,0,0,259.07,7
573,0.69191,0.27391,1,1,2,3,4,0.64673,1,12,4,0,0,259.72,8
574,0,0.49986,2,1,0,2,4,0.65063,0,0,4,0,0,260.37,9
575,0.46257,0.187,1,1,2,3,5,0.33534,0,1,4,0,0,260.7,10
576,0.4756,0.26913,1,1,2,3,5,0.70008,0,2,4,0,0,261.4,11
577,0,0.56643,3,1,0,3,5,0.81128,0,3,4,0,0,262.21,12
578,0,0.47708,3,1,0,3,5,0.42105,0,4,4,0,0,262.64,13
579,0,0.47292,2,1,0,2,4,0.86636,0,5,4,0,0,263.5,14
580,0.57402,0.21649,1,1,2,3,5,0.25815,0,6,4,0,0,263.76,15
581,0,0.4768,3,1,0,3,5,0.13934,0,7,4,0,0,263.9,16
582,0,0.47846,3,1,0,3,5,0.063856,0,8,4,0,0,263.96,17
583,0.65016,0.29095,1,1,2,3,5,0.088645,0,9,4,0,0,264.05,18
584,0.68558,0.23479,1,1,1,2,4,0.87481,0,10,4,0,0,264.93,19
585,0,0.54427,2,1,0,2,4,0.73698,0,11,4,0,0,265.66,20
586,0,0,1,1,0,0,0,0,1,0,4,1,0,265.66,21
587,0,0.67968,3,1,0,3,4,0.77896,1,0,4,0,0,266.44,22
588,0,0.55906,3,1,0,3,4,0.86212,1,1,4,0,0,267.3,23
589,0,0.61629,2,1,0,2,5,0.065314,1,2,4,0,0,267.37,24
590,0.6384,0.40437,1,1,1,2,5,0.0533,1,3,4,0,0,267.42,25
591,0,0.53261,2,1,0,2,5,0.023546,1,4,4,0,0,267.45,26
592,0,0,1,1,0,0,0,0,1,5,4,1,0,267.45,27
593,0.66756,0.28052,1,1,2,3,4,0.74597,1,5,4,0,0,268.19,28
594,0.44076,0.29298,1,1,2,3,4,0.78641,1,6,4,0,0,268.98,29
595,0,0.56955,2,1,0,2,5,0.082507,1,7,4,0,0,269.06,30
596,0,0.59232,3,1,0,3,4,0.82247,1,8,4,0,0,269.88,31
597,0,0.6776,3,1,0,3,4,0.98787,1,9,4,0,0,270.87,32
598,0,0.67264,2,1,0,2,5,0.056866,1,10,4,0,0,270.93,33
599,0,0.52426,2,1,0,2,4,0.63153,0,0,4,0,0,271.56,34
600,0.51892,0.36453,1,1,1,2,4,0.75857,0,1,4,0,0,272.32,35
