1,0.57888,0.56524,1,1,2,3,5,0.5,0,0,5,0,0,0.5,0
2,0,0.64928,3,1,0,3,5,0.76623,0,1,5,0,0,1.2662,1
3,0,0.56462,2,1,0,2,4,0.52225,0,2,5,0,0,1.7885,2
4,0.69254,0.35304,1,1,1,2,4,0.83611,0,3,5,0,0,2.6246,3
5,0,0.58369,3,1,0,3,5,0.32988,0,4,5,0,0,2.9545,4
6,0,0.44954,3,1,0,3,5,0.29018,0,5,5,0,0,3.2447,5
7,0,0.63946,2,1,0,2,4,0.47752,0,6,5,0,0,3.7222,6
8,0.58303,0.35881,1,1,1,2,4,0.19212,0,7,5,0,0,3.9143,7
9,0,0,2,1,0,2,0,0,1,0,5,1,0,3.9143,8
10,0,0.62689,3,1,0,3,4,0.01023,1,0,5,0,0,3.9245,9
11,0.68921,0.3949,1,1,1,2,5,0.71504,1,1,5,0,0,4.6396,10
12,0.6569,0.38183,1,1,1,2,5,0.76412,1,2,5,0,0,5.4037,11
13,0.73742,0.4409,1,1,2,3,4,0.34,1,3,5,0,0,5.7437,12
14,0.54239,0.39404,1,1,1,2,5,0.73349,1,4,5,0,0,6.4772,13
15,0,0,2,1,0,2,0,0,1,5,5,1,0,6.4772,14
16,0.70254,0.30198,1,1,1,2,5,0.73628,1,5,5,0,0,7.2135,15
17,0.62611,0.40457,1,1,1,2,5,0.91369,1,6,5,0,0,8.1271,16
18,0,0.72033,2,1,0,2,5,0.8777,1,7,5,0,0,9.0048,17
19,0.74605,0.3319,1,1,1,2,5,0.99233,1,8,5,0,0,9.9972,18
20,0.73194,0.36797,1,1,2,3,4,0.28409,1,9,5,0,0,10.281,19
21,0.64352,0.33411,1,1,1,2,4,0.25991,0,0,5,0,0,10.541,20
22,0,0.61779,3,1,0,3,5,0.64932,0,1,5,0,0,11.19,21
23,0.56052,0.41852,1,1,2,3,5,0.74853,0,2,5,0,0,11.939,22
24,0,0.56661,3,1,0,3,5,0.61281,0,3,5,0,0,12.552,23
25,0.5427,0.37793,1,1,1,2,4,0.24137,0,4,5,0,0,12.793,24
26,0,0,2,1,0,2,0,0,0,5,5,1,0,12.793,25
27,0,0.64369,3,1,0,3,5,0.44712,0,5,5,0,0,13.24,26
28,0.56576,0.50173,1,1,1,2,4,0.31461,0,6,5,0,0,13.555,27
29,0,0.63936,3,1,0,3,5,0.55576,0,7,5,0,0,14.111,28
30,0.56317,0.33155,1,1,1,2,4,0.34525,0,8,5,0,0,14.456,29
31,0.59686,0.40111,1,1,2,3,4,0.16237,1,0,5,0,0,14.618,30
32,0,0.5975,3,1,0,3,4,0.066979,1,1,5,0,0,14.685,31
33,0,0.59842,3,1,0,3,4,0.013166,1,2,5,0,0,14.698,32
34,0.55393,0.36456,1,1,1,2,5,0.98001,1,3,5,0,0,15.678,33
35,0.52873,0.33223,1,1,1,2,5,0.76893,1,4,5,0,0,16.447,34
36,0,0.55378,3,1,0,3,4,0.20198,1,5,5,0,0,16.649,35
37,0.45716,0.28781,1,1,1,2,5,0.9687,1,6,5,0,0,17.618,36
38,0.44567,0.26821,1,1,1,2,5,0.93775,1,7,5,0,0,18.556,37
39,0.42666,0.35635,1,1,1,2,4,0.005792,0,0,5,0,0,18.562,38
40,0,0.58767,3,1,0,3,5,0.97204,0,1,5,0,0,19.534,39
41,0.5778,0.38217,1,1,1,2,4,0.08935,0,2,5,0,0,19.623,40
42,0,0.70831,2,1,0,2,4,0.23323,0,3,5,0,0,19.856,41
43,0.55038,0.35423,1,1,1,2,4,0.95521,0,4,4,0,0,20.811,0
44,0,0.56469,3,1,0,3,5,0.059251,0,5,4,0,0,20.871,1
45,0,0.60347,2,1,0,2,4,0.90982,0,6,4,0,0,21.781,2
46,0.54312,0.27805,1,1,1,2,4,0.69265,0,7,4,0,0,22.473,3
47,0,0.62028,3,1,0,3,4,0.77949,1,0,4,0,0,23.253,4
48,0,0.5859,3,1,0,3,4,0.7223,1,1,4,0,0,23.975,5
49,0,0.50491,3,1,0,3,4,0.69712,1,2,4,0,0,24.672,6
50,0,0.65298,2,1,0,2,5,0.08889,1,3,4,0,0,24.761,7
51,0.61861,0.50698,1,1,1,2,5,0.050549,1,4,4,0,0,24.811,8
52,0.69239,0.61913,1,1,1,2,5,0.014551,1,5,4,0,0,24.826,9
53,0.69244,0.32056,1,1,2,3,4,0.9303,1,6,4,0,0,25.756,10
54,0,0,2,1,0,2,0,0,1,7,4,1,0,25.756,11
55,0,0.45568,3,1,0,3,4,0.70878,1,7,4,0,0,26.465,12
56,0,0.56771,3,1,0,3,4,0.9803,1,8,4,0,0,27.445,13
57,0,0.64183,2,1,0,2,4,0.83368,0,0,4,0,0,28.279,14
58,0,0.54778,3,1,0,3,5,0.22038,0,1,4,0,0,28.499,15
59,0,0,1,1,0,0,0,0,0,2,4,1,0,28.499,16
60,0.52134,0.49097,1,1,2,3,5,0.067768,0,2,4,0,0,28.567,17
61,0,0.51786,2,1,0,2,4,0.95087,0,3,4,0,0,29.518,18
62,0,0.49372,3,1,0,3,5,0.19541,0,4,4,0,0,29.714,19
63,0,0.63442,2,1,0,2,4,0.98569,0,5,4,0,0,30.699,20
64,0.73789,0.32903,1,1,1,2,4,0.91637,0,6,4,0,0,31.616,21
65,0,0.57361,2,1,0,2,4,0.96777,0,7,4,0,0,32.583,22
66,0.59269,0.33307,1,1,1,2,4,0.97314,0,8,4,0,0,33.556,23
67,0.63702,0.27126,1,1,1,2,4,0.68594,0,9,4,0,0,34.242,24
68,0.72545,0.32013,1,1,1,2,5,0.42947,1,0,4,0,0,34.672,25
69,0.67509,0.27945,1,1,1,2,5,0.56767,1,1,4,0,0,35.24,26
70,0.56828,0.30585,1,1,1,2,5,0.33731,1,2,4,0,0,35.577,27
71,0.49579,0.3283,1,1,2,3,4,0.74733,1,3,4,0,0,36.324,28
72,0.50961,0.33984,1,1,1,2,5,0.313,1,4,4,0,0,36.637,29
73,0.38132,0.31873,1,1,1,2,5,0.083501,1,5,4,0,0,36.721,30
74,0.44448,0.27334,1,1,1,2,5,0.08388,1,6,4,0,0,36.805,31
75,0,0,2,1,0,2,0,0,1,7,4,0,1,36.805,32
76,0.66574,0.33393,1,1,1,2,5,0.27328,1,7,4,0,0,37.078,33
77,0.45734,0.34101,1,1,2,3,5,0.31971,0,0,4,0,0,37.398,34
78,0,0.52954,3,1,0,3,5,0.047208,0,1,4,0,0,37.445,35
79,0,0,1,1,0,0,0,0,0,2,4,1,0,37.445,36
80,0,0,2,1,0,2,0,0,0,2,4,0,1,37.445,37
81,0,0.46411,3,1,0,3,5,0.14483,0,2,4,0,0,37.59,38
82,0,0.64291,2,1,0,2,4,0.87703,0,3,4,0,0,38.467,39
83,0.63007,0.36578,1,1,2,3,5,0.18895,0,4,4,0,0,38.656,40
84,0,0.57687,3,1,0,3,5,0.34315,0,5,4,0,0,38.999,41
85,0,0.71529,2,1,0,2,4,0.33788,0,6,5,0,0,39.337,0
86,0,0.46344,2,1,0,2,4,0.30653,0,7,5,0,0,39.643,1
87,0.64351,0.33822,1,1,1,2,4,0.076263,0,8,5,0,0,39.719,2
88,0.43394,0.33489,1,1,2,3,5,0.99912,0,9,5,0,0,40.719,3
89,0.46342,0.37198,1,1,2,3,4,0.04827,1,0,5,0,0,40.767,4
90,0,0.57421,2,1,0,2,5,0.97029,1,1,5,0,0,41.737,5
91,0.73858,0.34839,1,1,1,2,5,0.99951,1,2,5,0,0,42.737,6
92,0.43047,0.21232,1,1,1,2,5,0.79953,1,3,5,0,0,43.536,7
93,0.44927,0.32479,1,1,1,2,5,0.93355,1,4,5,0,0,44.47,8
94,0,0.55053,2,1,0,2,5,0.85022,1,5,5,0,0,45.32,9
95,0.59305,0.20633,1,1,2,3,4,0.37064,1,6,5,0,0,45.691,10
96,0.59265,0.17519,1,1,2,3,4,0.44878,1,7,5,0,0,46.139,11
97,0.58059,0.36093,1,1,2,3,5,0.48255,0,0,5,0,0,46.622,12
98,0,0.58787,2,1,0,2,4,0.45417,0,1,5,0,0,47.076,13
99,0.65245,0.29128,1,1,2,3,5,0.66214,0,2,5,0,0,47.738,14
100,0,0.561,3,1,0,3,5,0.76843,0,3,5,0,0,48.507,15
101,0,0.5085,3,1,0,3,5,0.99628,0,4,5,0,0,49.503,16
102,0.46268,0.31223,1,1,2,3,5,0.88963,0,5,5,0,0,50.393,17
103,0.56708,0.30983,1,1,2,3,5,0.57384,0,6,5,0,0,50.966,18
104,0.44671,0.34549,1,1,2,3,4,0.095771,1,0,5,0,0,51.062,19
105,0,0.62506,2,1,0,2,5,0.6871,1,1,5,0,0,51.749,20
106,0,0.57874,3,1,0,3,4,0.14955,1,2,5,0,0,51.899,21
107,0.64487,0.35466,1,1,2,3,4,0.01339,1,3,5,0,0,51.912,22
108,0,0.59773,2,1,0,2,5,0.89209,1,4,5,0,0,52.804,23
109,0.71215,0.46244,1,1,2,3,4,0.22648,1,5,5,0,0,53.031,24
110,0,0,1,1,0,0,0,0,1,6,5,1,0,53.031,25
111,0,0.48907,2,1,0,2,5,0.7833,1,6,5,0,0,53.814,26
112,0,0.4682,2,1,0,2,5,0.90524,1,7,5,0,0,54.719,27
113,0.67757,0.33724,1,1,1,2,5,0.99521,1,8,5,0,0,55.715,28
114,0,0.54059,3,1,0,3,4,0.027926,1,9,5,0,0,55.742,29
115,0.72778,0.30375,1,1,2,3,5,0.91345,0,0,5,0,0,56.656,30
116,0.67309,0.3729,1,1,1,2,4,0.024176,0,1,5,0,0,56.68,31
117,0.71693,0.35249,1,1,1,2,4,0.19508,0,2,5,0,0,56.875,32
118,0,0.5228,3,1,0,3,5,0.96442,0,3,5,0,0,57.84,33
119,0,0.52487,2,1,0,2,4,0.13301,0,4,5,0,0,57.973,34
120,0.74582,0.26181,1,1,2,3,5,0.57829,0,5,5,0,0,58.551,35
121,0,0,1,1,0,0,0,0,0,6,5,1,0,58.551,36
122,0.6289,0.32295,1,1,1,2,4,0.04568,0,6,5,0,0,58.597,37
123,0,0.55719,3,1,0,3,5,0.9889,0,7,5,0,0,59.585,38
124,0.64964,0.43406,1,1,2,3,5,0.81117,0,8,5,0,0,60.397,39
125,0,0,3,1,0,3,0,0,0,9,5,1,0,60.397,40
126,0,0,1,1,0,0,0,0,0,9,5,1,0,60.397,41
127,0,0,2,1,0,2,0,0,0,9,4,0,1,60.397,0
128,0,0.57457,3,1,0,3,5,0.13855,0,9,4,0,0,60.535,1
129,0,0.45757,3,1,0,3,4,0.87349,1,0,4,0,0,61.409,2
130,0.55684,0.33448,1,1,2,3,4,0.89015,1,1,4,0,0,62.299,3
131,0.62109,0.24517,1,1,2,3,4,0.93821,1,2,4,0,0,63.237,4
132,0.60175,0.32431,1,1,2,3,4,0.93267,1,3,4,0,0,64.17,5
133,0,0.57751,2,1,0,2,5,0.19385,1,4,4,0,0,64.364,6
134,0,0.59057,2,1,0,2,5,0.001245,1,5,4,0,0,64.365,7
135,0,0.6181,3,1,0,3,4,0.88581,1,6,4,0,0,65.251,8
136,0.49249,0.34792,1,1,2,3,4,0.95253,1,7,4,0,0,66.203,9
137,0.47432,0.3045,1,1,2,3,4,0.90123,1,8,4,0,0,67.104,10
138,0,0.49701,3,1,0,3,5,0.22107,0,0,4,0,0,67.325,11
139,0.62728,0.33315,1,1,2,3,5,0.001557,0,1,4,0,0,67.327,12
140,0,0.59444,2,1,0,2,4,0.96054,0,2,4,0,0,68.288,13
141,0,0.5853,3,1,0,3,5,0.26872,0,3,4,0,0,68.556,14
142,0,0.52303,3,1,0,3,5,0.54432,0,4,4,0,0,69.101,15
143,0,0.6394,3,1,0,3,5,0.6297,0,5,4,0,0,69.73,16
144,0,0.53458,2,1,0,2,4,0.32219,0,6,4,0,0,70.052,17
145,0,0.42237,2,1,0,2,4,0.23758,0,7,4,0,0,70.29,18
146,0,0.52482,3,1,0,3,5,0.9575,0,8,4,0,0,71.248,19
147,0,0.58887,3,1,0,3,4,0.25014,1,0,4,0,0,71.498,20
148,0.68247,0.34796,1,1,1,2,5,0.91869,1,1,4,0,0,72.416,21
149,0,0.51895,2,1,0,2,5,0.74665,1,2,4,0,0,73.163,22
150,0.50201,0.28839,1,1,1,2,5,0.43924,1,3,4,0,0,73.602,23
151,0,0.51234,2,1,0,2,5,0.28968,1,4,4,0,0,73.892,24
152,0.56557,0.33255,1,1,1,2,5,0.12106,1,5,4,0,0,74.013,25
153,0.47117,0.35259,1,1,2,3,4,0.95331,1,6,4,0,0,74.966,26
154,0,0.53669,2,1,0,2,4,0.80677,0,0,4,0,0,75.773,27
155,0.69619,0.32389,1,1,2,3,5,0.051991,0,1,4,0,0,75.825,28
156,0.52246,0.3171,1,1,2,3,5,0.22745,0,2,4,0,0,76.053,29
157,0,0.51874,3,1,0,3,5,0.044186,0,3,4,0,0,76.097,30
158,0.55124,0,1,1,2,3,0,0,0,4,4,0,1,76.097,31
159,0,0.64455,2,1,0,2,4,0.55413,0,4,4,0,0,76.651,32
160,0,0.53431,3,1,0,3,5,0.39787,0,5,4,0,0,77.049,33
161,0,0.50596,3,1,0,3,5,0.51219,0,6,4,0,0,77.561,34
162,0.56649,0.32575,1,1,1,2,4,0.51058,0,7,4,0,0,78.071,35
163,0.65984,0.33839,1,1,1,2,5,0.27585,1,0,4,0,0,78.347,36
164,0,0.5652,3,1,0,3,4,0.90176,1,1,4,0,0,79.249,37
165,0,0.6314,2,1,0,2,5,0.090385,1,2,4,0,0,79.339,38
166,0.53499,0.53487,1,1,2,3,4,0.97449,1,3,4,0,0,80.314,39
167,0.67991,0.21396,1,1,2,3,4,0.86681,1,4,4,0,0,81.181,40
168,0.63606,0.32376,1,1,2,3,4,0.94257,1,5,4,0,0,82.123,41
169,0,0.53348,3,1,0,3,4,0.058992,1,6,5,0,0,82.182,0
170,0,0.40102,3,1,0,3,4,0.021785,1,7,5,0,0,82.204,1
171,0,0.43869,3,1,0,3,4,0.050808,1,8,5,0,0,82.255,2
172,0,0.50453,2,1,0,2,4,0.091335,0,0,5,0,0,82.346,3
173,0,0,1,1,0,0,0,0,0,1,5,1,0,82.346,4
174,0,0.49817,2,1,0,2,4,0.30266,0,1,5,0,0,82.649,5
175,0,0.49886,3,1,0,3,5,0.90944,0,2,5,0,0,83.558,6
176,0,0.53845,3,1,0,3,5,0.88091,0,3,5,0,0,84.439,7
177,0,0.51995,3,1,0,3,5,0.98553,0,4,5,0,0,85.425,8
178,0.56412,0.29829,1,1,2,3,5,0.91148,0,5,5,0,0,86.336,9
179,0,0.64147,2,1,0,2,4,0.24506,0,6,5,0,0,86.581,10
180,0.61003,0.003271,1,1,2,3,4,0.31464,1,0,5,0,0,86.896,11
181,0.49231,0,1,1,2,3,0,0,1,1,5,0,1,86.896,12
182,0,0.56627,2,1,0,2,5,0.71412,1,1,5,0,0,87.61,13
183,0,0.44809,2,1,0,2,5,0.78187,1,2,5,0,0,88.392,14
184,0,0,1,1,0,0,0,0,1,3,5,1,0,88.392,15
185,0,0.49064,2,1,0,2,5,0.73608,1,3,5,0,0,89.128,16
186,0,0.51904,3,1,0,3,4,0.02604,1,4,5,0,0,89.154,17
187,0,0.60358,3,1,0,3,4,0.050836,1,5,5,0,0,89.205,18
188,0.68655,0.27171,1,1,1,2,5,0.95332,1,6,5,0,0,90.158,19
189,0,0.55983,2,1,0,2,4,0.075975,0,0,5,0,0,90.234,20
190,0,0.56859,3,1,0,3,5,0.83337,0,1,5,0,0,91.068,21
191,0,0,2,1,0,2,0,0,0,2,5,0,1,91.068,22
192,0.54838,0.28968,1,1,1,2,4,0.0704,0,2,5,0,0,91.138,23
193,0.52049,0.31901,1,1,1,2,4,0.16213,0,3,5,0,0,91.3,24
194,0,0.64554,2,1,0,2,4,0.071556,0,4,5,0,0,91.372,25
195,0,0.52343,3,1,0,3,5,0.43204,0,5,5,0,0,91.804,26
196,0.67583,0.15591,1,1,2,3,5,0.36464,0,6,5,0,0,92.168,27
197,0,0.52636,3,1,0,3,5,0.22936,0,7,5,0,0,92.398,28
198,0.68336,0.082488,1,1,1,2,5,0.17647,1,0,5,0,0,92.574,29
199,0.49985,0.32102,1,1,1,2,5,0.28381,1,1,5,0,0,92.858,30
200,0,0.6226,3,1,0,3,4,0.63126,1,2,5,0,0,93.489,31
201,0.47725,0.32439,1,1,1,2,5,0.90762,1,3,5,0,0,94.397,32
202,0.40697,0.34602,1,1,1,2,5,0.94327,1,4,5,0,0,95.34,33
203,0.41245,0.3253,1,1,1,2,5,0.77941,1,5,5,0,0,96.12,34
204,0,0.55353,3,1,0,3,4,0.16607,1,6,5,0,0,96.286,35
205,0.73509,0.26188,1,1,1,2,4,0.28367,0,0,5,0,0,96.569,36
206,0.40344,0.36277,1,1,1,2,4,0.12761,0,1,5,0,0,96.697,37
207,0.4895,0.39878,1,1,1,2,4,0.11773,0,2,5,0,0,96.815,38
208,0,0.55326,2,1,0,2,4,0.29384,0,3,5,0,0,97.108,39
209,0.45278,0.35055,1,1,1,2,5,0.88026,1,0,5,0,0,97.989,40
210,0.46712,0.33916,1,1,1,2,5,0.83228,1,1,5,0,0,98.821,41
211,0,0.60296,3,1,0,3,4,0.86375,1,2,4,0,0,99.685,0
212,0.50038,0.26464,1,1,1,2,5,0.080211,1,3,4,0,0,99.765,1
213,0,0.48914,3,1,0,3,4,0.79275,1,4,4,0,0,100.56,2
214,0,0.48496,3,1,0,3,4,0.55139,1,5,4,0,0,101.11,3
215,0,0.56816,3,1,0,3,5,0.21447,0,0,4,0,0,101.32,4
216,0.67023,0.10263,1,1,1,2,4,0.95456,0,1,4,0,0,102.28,5
217,0.44693,0.21316,1,1,1,2,4,0.99084,0,2,4,0,0,103.27,6
218,0,0.53089,3,1,0,3,5,0.097816,0,3,4,0,0,103.37,7
219,0.62487,0.003369,1,1,1,2,4,0.98146,0,4,4,0,0,104.35,8
220,0,0.6227,2,1,0,2,5,0.02713,1,0,4,0,0,104.38,9
221,0,0.54012,3,1,0,3,4,0.81277,1,1,4,0,0,105.19,10
222,0.56814,0.52841,1,1,1,2,5,0.002916,1,2,4,0,0,105.19,11
223,0,0.61987,2,1,0,2,5,0.002691,1,3,4,0,0,105.19,12
224,0.58964,0.003223,1,1,1,2,5,0.039956,1,4,4,0,0,105.23,13
225,0.58632,0,1,1,1,2,0,0,1,5,4,1,0,105.23,14
226,0,0.5315,3,1,0,3,4,0.85161,1,5,4,0,0,106.09,15
227,0,0.48142,3,1,0,3,5,0.22405,0,0,4,0,0,106.31,16
228,0,0.50614,3,1,0,3,5,0.35895,0,1,4,0,0,106.67,17
229,0.6357,0.25305,1,1,1,2,4,0.93454,0,2,4,0,0,107.6,18
230,0,0.74444,2,1,0,2,5,0.071039,1,0,4,0,0,107.67,19
231,0,0.44182,2,1,0,2,5,0.2422,1,1,4,0,0,107.92,20
232,0,0.60221,3,1,0,3,4,0.59962,1,2,4,0,0,108.52,21
233,0.63445,0.3227,1,1,1,2,5,0.291,1,3,4,0,0,108.81,22
234,0,0.5754,3,1,0,3,4,0.759,1,4,4,0,0,109.57,23
235,0,0.54613,3,1,0,3,5,0.014392,0,0,4,0,0,109.58,24
236,0.70697,0,1,1,2,3,0,0,0,1,4,0,1,109.58,25
237,0,0.54364,2,1,0,2,4,0.87355,0,1,4,0,0,110.45,26
238,0,0.55441,3,1,0,3,5,0.10701,0,2,4,0,0,110.56,27
239,0.66376,0.29106,1,1,1,2,4,0.85533,0,3,4,0,0,111.42,28
240,0,0.52995,2,1,0,2,4,0.95169,0,4,4,0,0,112.37,29
241,0,0,3,1,0,3,0,0,1,0,4,0,1,112.37,30
242,0,0.41107,3,1,0,3,4,0.7402,1,0,4,0,0,113.11,31
243,0,0,1,1,0,0,0,0,1,1,4,1,0,113.11,32
244,0.40007,0.32992,1,1,1,2,5,0.14817,1,1,4,0,0,113.26,33
245,0.58715,0.34574,1,1,1,2,5,0.18055,1,2,4,0,0,113.44,34
246,0.57425,0.15705,1,1,2,3,5,0.17741,0,0,4,0,0,113.61,35
247,0.4812,0.32839,1,1,2,3,5,0.05878,0,1,4,0,0,113.67,36
248,0,0.57946,3,1,0,3,5,0.16129,0,2,4,0,0,113.83,37
249,0,0.52862,3,1,0,3,5,0.20921,0,3,4,0,0,114.04,38
250,0.52952,0.29598,1,1,1,2,4,0.57503,0,4,4,0,0,114.62,39
251,0,0.59676,2,1,0,2,4,0.71248,0,5,4,0,0,115.33,40
252,0,0.50493,3,1,0,3,4,0.95227,1,0,4,0,0,116.28,41
253,0,0.56902,3,1,0,3,4,0.10185,1,1,5,0,0,116.38,0
254,0,0.52697,2,1,0,2,5,0.43355,1,2,5,0,0,116.82,1
255,0,0.5512,3,1,0,3,4,0.29119,1,3,5,0,0,117.11,2
256,0,0.56302,2,1,0,2,4,0.19853,0,0,5,0,0,117.31,3
257,0,0.59635,3,1,0,3,5,0.912,0,1,5,0,0,118.22,4
258,0,0.43598,2,1,0,2,4,0.22187,0,2,5,0,0,118.44,5
259,0,0.43494,3,1,0,3,5,0.78224,0,3,5,0,0,119.22,6
260,0.58514,0.16484,1,1,2,3,4,0.32401,1,0,5,0,0,119.55,7
261,0,0.578,3,1,0,3,4,0.61467,1,1,5,0,0,120.16,8
262,0.51023,0.17667,1,1,2,3,4,0.57891,1,2,5,0,0,120.74,9
263,0,0.51349,3,1,0,3,4,0.38612,1,3,5,0,0,121.13,10
264,0.5722,0.25745,1,1,1,2,5,0.95236,1,4,5,0,0,122.08,11
265,0,0.59017,3,1,0,3,5,0.8779,0,0,5,0,0,122.96,12
266,0,0.56269,2,1,0,2,4,0.20657,0,1,5,0,0,123.16,13
267,0.70236,0.097413,1,1,2,3,5,0.75124,0,2,5,0,0,123.92,14
268,0,0.43524,2,1,0,2,4,0.22951,0,3,5,0,0,124.15,15
269,0,0.5243,2,1,0,2,4,0.32539,0,4,5,0,0,124.47,16
270,0,0.53328,3,1,0,3,5,0.77042,0,5,5,0,0,125.24,17
271,0,0.49029,2,1,0,2,5,0.74043,1,0,5,0,0,125.98,18
272,0,0,2,1,0,2,0,0,1,1,5,0,1,125.98,19
273,0.62118,0.35763,1,1,2,3,4,0.10919,1,1,5,0,0,126.09,20
274,0,0.52711,2,1,0,2,5,0.95885,1,2,5,0,0,127.05,21
275,0.73672,0.27429,1,1,2,3,4,0.18454,1,3,5,0,0,127.23,22
276,0,0.57431,2,1,0,2,5,0.6403,1,4,5,0,0,127.87,23
277,0,0.53835,3,1,0,3,5,0.39735,0,0,5,0,0,128.27,24
278,0.66107,0.53272,1,1,2,3,5,0.74182,0,1,5,0,0,129.01,25
279,0.5194,0.36421,1,1,1,2,4,0.05678,0,2,5,0,0,129.07,26
280,0,0.67567,2,1,0,2,5,0.89837,1,0,5,0,0,129.97,27
281,0.55309,0.32238,1,1,1,2,5,0.8191,1,1,5,0,0,130.79,28
282,0.6707,0.26993,1,1,1,2,5,0.63043,1,2,5,0,0,131.42,29
283,0,0.51031,3,1,0,3,5,0.69055,0,0,5,0,0,132.11,30
284,0,0,2,1,0,2,0,0,0,1,5,1,0,132.11,31
285,0,0.62536,3,1,0,3,5,0.57529,0,1,5,0,0,132.68,32
286,0.71327,0.26228,1,1,1,2,4,0.10646,0,2,5,0,0,132.79,33
287,0,0.6786,3,1,0,3,5,0.96061,0,3,5,0,0,133.75,34
288,0,0,1,1,0,0,0,0,1,0,5,1,0,133.75,35
289,0,0.56495,2,1,0,2,5,0.90715,1,0,5,0,0,134.66,36
290,0.46432,0.34123,1,1,2,3,4,0.17659,1,1,5,0,0,134.84,37
291,0,0.59973,2,1,0,2,5,0.85468,1,2,5,0,0,135.69,38
292,0.69539,0.29821,1,1,1,2,4,0.096193,0,0,5,0,0,135.79,39
293,0,0.52425,2,1,0,2,4,0.15356,0,1,5,0,0,135.94,40
294,0.51946,0.28243,1,1,2,3,5,0.82502,0,2,5,0,0,136.76,41
295,0.46109,0.35912,1,1,2,3,5,0.058957,0,3,4,0,0,136.82,0
296,0,0.57016,2,1,0,2,4,0.91788,0,4,4,0,0,137.74,1
297,0,0.46154,2,1,0,2,5,0.37243,1,0,4,0,0,138.11,2
298,0,0.58121,3,1,0,3,4,0.62267,1,1,4,0,0,138.74,3
299,0.54519,0.35312,1,1,2,3,4,0.49402,1,2,4,0,0,139.23,4
300,0.55912,0.32948,1,1,2,3,4,0.56677,1,3,4,0,0,139.8,5
301,0,0,3,1,0,3,0,0,1,4,4,0,1,139.8,6
302,0.68117,0.29379,1,1,1,2,5,0.051488,1,4,4,0,0,139.85,7
303,0.51972,0.22853,1,1,1,2,5,0.19755,1,5,4,0,0,140.05,8
304,0.7318,0.25464,1,1,2,3,5,0.065857,0,0,4,0,0,140.11,9
305,0.48528,0.31828,1,1,2,3,5,0.067908,0,1,4,0,0,140.18,10
306,0.42962,0.3312,1,1,1,2,4,0.94337,0,2,4,0,0,141.12,11
307,0.4366,0.34098,1,1,1,2,4,0.93143,0,3,4,0,0,142.06,12
308,0,0.48487,2,1,0,2,4,0.83406,0,4,4,0,0,142.89,13
309,0,0.45106,2,1,0,2,5,0.010827,1,0,4,0,0,142.9,14
310,0,0.41274,2,1,0,2,5,0.048477,1,1,4,0,0,142.95,15
311,0.75061,0.28381,1,1,1,2,5,0.08889,1,2,4,0,0,143.04,16
312,0.57491,0.31081,1,1,1,2,5,0.17009,1,3,4,0,0,143.21,17
313,0,0,1,1,0,0,0,0,1,4,4,1,0,143.21,18
314,0.31639,0.16074,1,1,1,2,5,0.068725,1,4,4,0,0,143.28,19
315,0,0.43998,2,1,0,2,4,0.84917,0,0,4,0,0,144.13,20
316,0,0.44439,3,1,0,3,5,0.06107,0,1,4,0,0,144.19,21
317,0.35388,0.28012,1,1,1,2,4,0.9492,0,2,4,0,0,145.14,22
318,0,0.50895,2,1,0,2,4,0.96028,0,3,4,0,0,146.1,23
319,0,0.36408,2,1,0,2,4,0.97604,0,4,4,0,0,147.07,24
320,0,0.67521,2,1,0,2,5,0.18528,1,0,4,0,0,147.26,25
321,0,0.35721,2,1,0,2,5,0.16486,1,1,4,0,0,147.42,26
322,0,0,3,1,0,3,0,0,1,2,4,0,1,147.42,27
323,0.50823,0.1946,1,1,1,2,5,0.23342,1,2,4,0,0,147.66,28
324,0,0.58075,2,1,0,2,4,0.5629,0,0,4,0,0,148.22,29
325,0,0.50157,3,1,0,3,5,0.37168,0,1,4,0,0,148.59,30
326,0,0.58789,2,1,0,2,4,0.5677,0,2,4,0,0,149.16,31
327,0,0.52933,3,1,0,3,4,0.84725,1,0,4,0,0,150,32
328,0,0.45425,2,1,0,2,5,0.066278,1,1,4,0,0,150.07,33
329,0,0.57428,3,1,0,3,4,0.85442,1,2,4,0,0,150.93,34
330,0.66491,0.31978,1,1,1,2,5,0.1294,1,3,4,0,0,151.06,35
331,0,0.59732,3,1,0,3,5,0.059467,0,0,4,0,0,151.11,36
332,0,0.54952,3,1,0,3,5,0.043827,0,1,4,0,0,151.16,37
333,0.61838,0.2806,1,1,1,2,4,0.95055,0,2,4,0,0,152.11,38
334,0,0.67888,3,1,0,3,5,0.11216,0,3,4,0,0,152.22,39
335,0,0.43377,3,1,0,3,5,0.046844,0,4,4,0,0,152.27,40
336,0.57518,0.18534,1,1,1,2,4,0.59027,0,5,4,0,0,152.86,41
337,0,0.55984,3,1,0,3,4,0.16656,1,0,5,0,0,153.02,0
338,0,0.51679,3,1,0,3,4,0.064507,1,1,5,0,0,153.09,1
339,0,0.49679,2,1,0,2,5,0.9194,1,2,5,0,0,154.01,2
340,0,0.43448,2,1,0,2,5,0.99895,1,3,5,0,0,155.01,3
341,0,0.46699,2,1,0,2,4,0.11572,0,0,5,0,0,155.12,4
342,0,0.59046,3,1,0,3,5,0.74581,0,1,5,0,0,155.87,5
343,0.56861,0.12581,1,1,1,2,4,0.4367,0,2,5,0,0,156.31,6
344,0.44909,0.3219,1,1,1,2,4,0.50364,0,3,5,0,0,156.81,7
345,0,0.55398,3,1,0,3,4,0.30828,1,0,5,0,0,157.12,8
346,0,0.35408,3,1,0,3,4,0.12884,1,1,5,0,0,157.25,9
347,0,0.60929,2,1,0,2,5,0.63975,1,2,5,0,0,157.89,10
348,0.56263,0.26734,1,1,1,2,5,0.71675,1,3,5,0,0,158.6,11
349,0.51428,0.26342,1,1,1,2,5,0.69712,1,4,5,0,0,159.3,12
350,0.70131,0.29717,1,1,1,2,4,0.30583,0,0,5,0,0,159.61,13
351,0.51773,0.32635,1,1,1,2,4,0.38136,0,1,5,0,0,159.99,14
352,0,0.56829,2,1,0,2,4,0.21573,0,2,5,0,0,160.2,15
353,0.62793,0.33086,1,1,1,2,5,0.7911,1,0,5,0,0,160.99,16
354,0,0.60446,3,1,0,3,4,0.115,1,1,5,0,0,161.11,17
355,0,0,2,1,0,2,0,0,1,2,5,1,0,161.11,18
356,0.65175,0.33628,1,1,2,3,4,0.071324,1,2,5,0,0,161.18,19
357,0.5737,0.44116,1,1,2,3,4,0.076218,1,3,5,0,0,161.26,20
358,0,0.57487,3,1,0,3,4,0.033037,1,4,5,0,0,161.29,21
359,0.61024,0.22535,1,1,1,2,5,0.93744,1,5,5,0,0,162.23,22
360,0,0.61787,3,1,0,3,5,0.92897,0,0,5,0,0,163.16,23
361,0.5323,0.34607,1,1,1,2,4,0.11162,0,1,5,0,0,163.27,24
362,0,0.56666,3,1,0,3,5,0.53847,0,2,5,0,0,163.81,25
363,0,0,2,1,0,2,0,0,1,0,5,0,1,163.81,26
364,0,0.37964,2,1,0,2,5,0.87557,1,0,5,0,0,164.68,27
365,0,0.38902,2,1,0,2,5,0.7646,1,1,5,0,0,165.45,28
366,0.58675,0.038143,1,1,1,2,5,0.71342,1,2,5,0,0,166.16,29
367,0.35915,0.29091,1,1,1,2,5,0.84011,1,3,5,0,0,167,30
368,0,0.67403,3,1,0,3,5,0.79798,0,0,5,0,0,167.8,31
369,0.45241,0.17406,1,1,1,2,4,0.37878,0,1,5,0,0,168.18,32
370,0,0.58707,3,1,0,3,5,0.92346,0,2,5,0,0,169.1,33
371,0.6618,0.14858,1,1,1,2,4,0.23298,0,3,5,0,0,169.33,34
372,0,0,2,1,0,2,0,0,1,0,5,1,0,169.33,35
373,0,0.39881,2,1,0,2,5,0.50488,1,0,5,0,0,169.84,36
374,0.51926,0.17659,1,1,1,2,5,0.64655,1,1,5,0,0,170.48,37
375,0,0.50547,2,1,0,2,5,0.67344,1,2,5,0,0,171.16,38
376,0.5905,0.32158,1,1,1,2,4,0.46757,0,0,5,0,0,171.63,39
377,0,0.54779,3,1,0,3,5,0.33396,0,1,5,0,0,171.96,40
378,0.64057,0.30179,1,1,2,3,5,0.52502,0,2,5,0,0,172.48,41
379,0.56472,0.30017,1,1,1,2,5,0.086391,1,0,4,0,0,172.57,0
380,0,0.64068,2,1,0,2,5,0.096955,1,1,4,0,0,172.67,1
381,0,0.46727,2,1,0,2,5,0.20008,1,2,4,0,0,172.87,2
382,0,0.40111,2,1,0,2,4,0.92005,0,0,4,0,0,173.79,3
383,0.60667,0.21302,1,1,1,2,4,0.74276,0,1,4,0,0,174.53,4
384,0.56906,0.27498,1,1,1,2,4,0.89623,0,2,4,0,0,175.43,5
385,0.44873,0.376,1,1,1,2,4,0.66438,0,3,4,0,0,176.09,6
386,0,0.55944,3,1,0,3,5,0.29298,0,4,4,0,0,176.38,7
387,0.63546,0.31508,1,1,1,2,5,0.20339,1,0,4,0,0,176.59,8
388,0,0,1,1,0,0,0,0,1,1,4,1,0,176.59,9
389,0,0.66121,2,1,0,2,5,0.12375,1,1,4,0,0,176.71,10
390,0.72456,0.10252,1,1,1,2,5,0.043406,1,2,4,0,0,176.75,11
391,0,0.67544,3,1,0,3,5,0.010631,0,0,4,0,0,176.77,12
392,0,0.52481,2,1,0,2,4,0.97374,0,1,4,0,0,177.74,13
393,0.53282,0.36455,1,1,1,2,4,0.94406,0,2,4,0,0,178.68,14
394,0.50876,0.44271,1,1,1,2,4,0.68839,0,3,4,0,0,179.37,15
395,0,0.61442,3,1,0,3,5,0.25146,0,4,4,0,0,179.62,16
396,0.64579,0.09188,1,1,1,2,4,0.94574,0,5,4,0,0,180.57,17
397,0.5672,0.3236,1,1,1,2,5,0.071297,1,0,4,0,0,180.64,18
398,0,0.56364,2,1,0,2,5,0.17649,1,1,4,0,0,180.82,19
399,0.60391,0.20462,1,1,2,3,4,0.7994,1,2,4,0,0,181.62,20
400,0,0.52451,3,1,0,3,4,0.84986,1,3,4,0,0,182.47,21
401,0,0.4968,2,1,0,2,5,0.021473,1,4,4,0,0,182.49,22
402,0,0.38995,2,1,0,2,5,0.009039,1,5,4,0,0,182.5,23
403,0.5845,0.2904,1,1,2,3,5,0.065924,0,0,4,0,0,182.56,24
404,0.37247,0.26225,1,1,2,3,5,0.10975,0,1,4,0,0,182.67,25
405,0,0.5783,3,1,0,3,5,0.08347,0,2,4,0,0,182.76,26
406,0,0.47821,3,1,0,3,5,0.05948,0,3,4,0,0,182.82,27
407,0.71958,0,1,1,1,2,0,0,0,4,4,0,1,182.82,28
408,0,0.55517,2,1,0,2,4,0.79589,0,4,4,0,0,183.61,29
409,0,0.61997,3,1,0,3,5,0.10988,0,5,4,0,0,183.72,30
410,0,0,2,1,0,2,0,0,0,6,4,0,1,183.72,31
411,0,0.51526,3,1,0,3,5,0.59156,0,6,4,0,0,184.31,32
412,0.55222,0.30396,1,1,1,2,4,0.64153,0,7,4,0,0,184.95,33
413,0.70248,0.080656,1,1,2,3,5,0.33942,0,8,4,0,0,185.29,34
414,0.43852,0.28781,1,1,1,2,4,0.75131,0,9,4,0,0,186.04,35
415,0,0.56497,2,1,0,2,4,0.60193,0,10,4,0,0,186.65,36
416,0.62935,0.30988,1,1,2,3,5,0.42904,0,11,4,0,0,187.08,37
417,0.53969,0.26964,1,1,2,3,5,0.35988,0,12,4,0,0,187.44,38
418,0,0,1,1,0,0,0,0,0,13,4,1,0,187.44,39
419,0.37705,0.32189,1,1,2,3,5,0.37833,0,13,4,0,0,187.81,40
420,0,0,1,1,0,0,0,0,1,0,4,1,0,187.81,41
421,0,0.58317,3,1,0,3,4,0.35124,1,0,5,0,0,188.17,0
422,0.57843,0.2557,1,1,2,3,4,0.39892,1,1,5,0,0,188.56,1
423,0.45661,0.3488,1,1,2,3,4,0.32381,1,2,5,0,0,188.89,2
424,0,0.45716,3,1,0,3,4,0.46416,1,3,5,0,0,189.35,3
425,0,0.48364,3,1,0,3,4,0.43789,1,4,5,0,0,189.79,4
426,0.52251,0.4229,1,1,1,2,5,0.89901,1,5,5,0,0,190.69,5
427,0.64501,0.24141,1,1,1,2,5,0.7572,1,6,5,0,0,191.45,6
428,0,0.53981,2,1,0,2,5,0.79085,1,7,5,0,0,192.24,7
429,0,0.43944,2,1,0,2,5,0.57483,1,8,5,0,0,192.81,8
430,0.66524,0.23661,1,1,1,2,5,0.63501,1,9,5,0,0,193.45,9
431,0,0.5993,3,1,0,3,4,0.025141,1,10,5,0,0,193.47,10
432,0,0.51437,2,1,0,2,4,0.30644,0,0,5,0,0,193.78,11
433,0.44648,0.30083,1,1,1,2,4,0.27297,0,1,5,0,0,194.05,12
434,0.37385,0.42722,1,1,1,2,4,0.078442,0,2,5,0,0,194.13,13
435,0.53028,0.15164,1,1,1,2,4,0.086373,0,3,5,0,0,194.22,14
436,0,0.55686,2,1,0,2,4,0.10736,0,4,5,0,0,194.32,15
437,0.39472,0.17682,1,1,1,2,4,0.17241,0,5,5,0,0,194.5,16
438,0,0.50797,2,1,0,2,4,0.0406,0,6,5,0,0,194.54,17
439,0,0.54828,3,1,0,3,5,0.82041,0,7,5,0,0,195.36,18
440,0,0.49834,3,1,0,3,5,0.77687,0,8,5,0,0,196.13,19
441,0,0,1,1,0,0,0,0,0,9,5,1,0,196.13,20
442,0,0.47369,3,1,0,3,5,0.95923,0,9,5,0,0,197.09,21
443,0,0.50585,2,1,0,2,4,0.15475,0,10,5,0,0,197.25,22
444,0,0,1,1,0,0,0,0,0,11,5,1,0,197.25,23
445,0,0.4715,2,1,0,2,4,0.009525,0,11,5,0,0,197.26,24
446,0,0.46172,2,1,0,2,5,0.93936,1,0,5,0,0,198.2,25
447,0,0.44416,3,1,0,3,4,0.12909,1,1,5,0,0,198.33,26
448,0,0.51655,3,1,0,3,4,0.024247,1,2,5,0,0,198.35,27
449,0.59964,0.14368,1,1,1,2,5,0.92436,1,3,5,0,0,199.27,28
450,0,0.54738,2,1,0,2,5,0.9778,1,4,5,0,0,200.25,29
451,0.67216,0.24126,1,1,1,2,5,0.88659,1,5,5,0,0,201.14,30
452,0.39423,0.65034,1,1,1,2,5,0.98778,1,6,5,0,0,202.13,31
453,0.52165,0.26487,1,1,1,2,5,0.96183,1,7,5,0,0,203.09,32
454,0,0,3,1,0,3,0,0,1,8,5,0,1,203.09,33
455,0.70275,0.45597,1,1,1,2,5,0.7488,1,8,5,0,0,203.84,34
456,0,0.48162,2,1,0,2,5,0.42935,1,9,5,0,0,204.27,35
457,0.47483,0.20235,1,1,1,2,5,0.23663,1,10,5,0,0,204.5,36
458,0,0.45715,3,1,0,3,4,0.6608,1,11,5,0,0,205.16,37
459,0.43467,0.24563,1,1,2,3,4,0.63472,1,12,5,0,0,205.8,38
460,0.4697,0.28562,1,1,2,3,5,0.37125,0,0,5,0,0,206.17,39
461,0,0.46148,3,1,0,3,5,0.52938,0,1,5,0,0,206.7,40
462,0.52438,0.26965,1,1,1,2,4,0.45242,0,2,5,0,0,207.15,41
463,0.40823,0.30299,1,1,1,2,4,0.57148,0,3,4,0,0,207.72,0
464,0.47506,0.36497,1,1,1,2,4,0.8434,0,4,4,0,0,208.57,1
465,0.47443,0.28036,1,1,2,3,5,0.12142,0,5,4,0,0,208.69,2
466,0.43531,0,1,1,2,3,0,0,0,6,4,0,1,208.69,3
467,0,0.59929,2,1,0,2,4,0.78838,0,6,4,0,0,209.48,4
468,0.58553,0.29053,1,1,2,3,5,0.11309,0,7,4,0,0,209.59,5
469,0,0.56501,2,1,0,2,4,0.92276,0,8,4,0,0,210.51,6
470,0,0.51978,3,1,0,3,5,0.37921,0,9,4,0,0,210.89,7
471,0,0.4901,2,1,0,2,4,0.65791,0,10,4,0,0,211.55,8
472,0.50318,0.18506,1,1,1,2,5,0.011789,1,0,4,0,0,211.56,9
473,0.42968,0.23277,1,1,1,2,5,0.013514,1,1,4,0,0,211.57,10
474,0,0.56843,3,1,0,3,4,0.85686,1,2,4,0,0,212.43,11
475,0.67866,0.07131,1,1,1,2,5,0.015174,1,3,4,0,0,212.45,12
476,0.57109,0.46846,1,1,1,2,5,0.028136,1,4,4,0,0,212.47,13
477,0.55188,0.48791,1,1,1,2,5,0.20314,1,5,4,0,0,212.68,14
478,0,0.5379,3,1,0,3,4,0.64397,1,6,4,0,0,213.32,15
479,0,0.45247,2,1,0,2,5,0.000792,1,7,4,0,0,213.32,16
480,0,0,1,1,0,0,0,0,1,8,4,1,0,213.32,17
481,0.57813,0.21695,1,1,2,3,4,0.70318,1,8,4,0,0,214.03,18
482,0.44257,0.51755,1,1,2,3,4,0.94294,1,9,4,0,0,214.97,19
483,0.52033,0.29008,1,1,1,2,5,0.05831,1,10,4,0,0,215.03,20
484,0,0.55381,2,1,0,2,5,0.067081,1,11,4,0,0,215.09,21
485,0,0,1,1,0,0,0,0,1,12,4,1,0,215.09,22
486,0.42032,0.2478,1,1,2,3,4,0.42009,1,12,4,0,0,215.51,23
487,0,0.59493,2,1,0,2,5,0.48667,1,13,4,0,0,216,24
488,0.53523,0.21809,1,1,2,3,5,0.10751,0,0,4,0,0,216.11,25
489,0,0.56971,3,1,0,3,5,0.23619,0,1,4,0,0,216.34,26
490,0.51376,0.24689,1,1,2,3,5,0.26497,0,2,4,0,0,216.61,27
491,0,0,2,1,0,2,0,0,0,3,4,0,1,216.61,28
492,0.43955,0,1,1,2,3,0,0,0,3,4,0,1,216.61,29
493,0,0.47053,2,1,0,2,4,0.73097,0,3,4,0,0,217.34,30
494,0.42281,0.32716,1,1,2,3,5,0.009867,0,4,4,0,0,217.35,31
495,0,0,3,1,0,3,0,0,0,5,4,0,1,217.35,32
496,0,0.47827,3,1,0,3,5,0.24546,0,5,4,0,0,217.6,33
497,0.58259,0.27308,1,1,1,2,4,0.90794,0,6,4,0,0,218.5,34
498,0,0.44902,2,1,0,2,4,0.86774,0,7,4,0,0,219.37,35
499,0,0.44878,2,1,0,2,4,0.863,0,8,4,0,0,220.23,36
500,0,0.48602,3,1,0,3,5,0.034019,0,9,4,0,0,220.27,37
501,0,0.49195,2,1,0,2,4,0.99528,0,10,4,0,0,221.26,38
502,0,0.44239,2,1,0,2,5,0.014128,1,0,4,0,0,221.28,39
503,0,0.51185,3,1,0,3,4,0.93333,1,1,4,0,0,222.21,40
504,0,0.49401,2,1,0,2,5,0.013476,1,2,4,0,0,222.22,41
505,0,0.36862,2,1,0,2,5,0.87202,1,3,5,0,0,223.1,0
506,0.58334,0.26228,1,1,1,2,5,0.85011,1,4,5,0,0,223.95,1
507,0.39741,0.25757,1,1,1,2,5,0.71751,1,5,5,0,0,224.66,2
508,0,0.50993,3,1,0,3,4,0.23568,1,6,5,0,0,224.9,3
509,0,0.50589,3,1,0,3,4,0.3027,1,7,5,0,0,225.2,4
510,0,0.49568,3,1,0,3,4,0.29413,1,8,5,0,0,225.5,5
511,0,0.45477,3,1,0,3,4,0.20447,1,9,5,0,0,225.7,6
512,0,0.45686,3,1,0,3,4,0.29455,1,10,5,0,0,226,7
513,0.62113,0.14704,1,1,1,2,5,0.85157,1,11,5,0,0,226.85,8
514,0.44022,0.23716,1,1,1,2,4,0.19107,0,0,5,0,0,227.04,9
515,0.40808,0.19602,1,1,1,2,4,0.35829,0,1,5,0,0,227.4,10
516,0,0.50728,2,1,0,2,4,0.28665,0,2,5,0,0,227.68,11
517,0,0,3,1,0,3,0,0,0,3,5,0,1,227.68,12
518,0.55284,0.14429,1,1,1,2,4,0.35252,0,3,5,0,0,228.04,13
519,0,0.59489,3,1,0,3,5,0.5327,0,4,5,0,0,228.57,14
520,0.50277,0.18855,1,1,1,2,4,0.43227,0,5,5,0,0,229,15
521,0,0.38762,2,1,0,2,4,0.43041,0,6,5,0,0,229.43,16
522,0,0.46839,3,1,0,3,5,0.48259,0,7,5,0,0,229.91,17
523,0.53603,0.20198,1,1,2,3,5,0.21962,0,8,5,0,0,230.13,18
524,0,0.58365,2,1,0,2,4,0.51737,0,9,5,0,0,230.65,19
525,0.5006,0.19531,1,1,1,2,4,0.4658,0,10,5,0,0,231.12,20
526,0.50497,0.26404,1,1,1,2,5,0.675,1,0,5,0,0,231.79,21
527,0.54049,0.17267,1,1,2,3,4,0.26815,1,1,5,0,0,232.06,22
528,0,0.55526,3,1,0,3,4,0.10296,1,2,5,0,0,232.16,23
529,0.54839,0.17152,1,1,2,3,4,0.13672,1,3,5,0,0,232.3,24
530,0,0.58722,2,1,0,2,5,0.62939,1,4,5,0,0,232.93,25
531,0.48265,0.23918,1,1,2,3,4,0.2279,1,5,5,0,0,233.16,26
532,0.56617,0.18099,1,1,1,2,5,0.67708,1,6,5,0,0,233.83,27
533,0.47558,0.32783,1,1,2,3,4,0.55341,1,7,5,0,0,234.39,28
534,0.46056,0.36323,1,1,2,3,4,0.45008,1,8,5,0,0,234.84,29
535,0,0.50881,3,1,0,3,4,0.2193,1,9,5,0,0,235.06,30
536,0.54332,0.16267,1,1,2,3,4,0.40625,1,10,5,0,0,235.46,31
537,0,0.39961,2,1,0,2,5,0.82637,1,11,5,0,0,236.29,32
538,0,0.48972,3,1,0,3,4,0.007013,1,12,5,0,0,236.3,33
539,0,0,3,1,0,3,0,0,1,13,5,0,1,236.3,34
540,0.62521,0.21204,1,1,1,2,5,0.96372,1,13,5,0,0,237.26,35
541,0,0,2,1,0,2,0,0,0,0,5,1,0,237.26,36
542,0,0.43175,3,1,0,3,5,0.8552,0,0,5,0,0,238.12,37
543,0.54574,0.3252,1,1,1,2,4,0.093789,0,1,5,0,0,238.21,38
544,0,0.50668,2,1,0,2,4,0.068754,0,2,5,0,0,238.28,39
545,0,0,1,1,0,0,0,0,0,3,5,1,0,238.28,40
546,0,0.51259,2,1,0,2,4,0.011226,0,3,5,0,0,238.29,41
547,0,0.46486,2,1,0,2,4,0.9621,0,4,4,0,0,239.25,0
548,0,0.46656,2,1,0,2,4,0.99133,0,5,4,0,0,240.24,1
549,0.62769,0.46987,1,1,2,3,5,0.026305,0,6,4,0,0,240.27,2
550,0.39695,0.52771,1,1,2,3,5,0.13193,0,7,4,0,0,240.4,3
551,0,0.49384,2,1,0,2,4,0.90115,0,8,4,0,0,241.3,4
552,0,0.65553,3,1,0,3,5,0.072732,0,9,4,0,0,241.37,5
553,0.62817,0.17312,1,1,1,2,4,0.8921,0,10,4,0,0,242.27,6
554,0,0,3,1,0,3,0,0,0,11,4,0,1,242.27,7
555,0.59423,0.20145,1,1,1,2,4,0.87256,0,11,4,0,0,243.14,8
556,0,0.56865,3,1,0,3,5,0.062629,0,12,4,0,0,243.2,9
557,0.56237,0.24005,1,1,2,3,5,0.31944,0,13,4,0,0,243.52,10
558,0.57103,0.34688,1,1,1,2,5,0.43515,1,0,4,0,0,243.96,11
559,0,0.5176,2,1,0,2,5,0.34912,1,1,4,0,0,244.31,12
560,0,0.50313,2,1,0,2,5,0.034036,1,2,4,0,0,244.34,13
561,0,0.53161,2,1,0,2,5,0.063632,1,3,4,0,0,244.4,14
562,0.7505,0.003213,1,1,1,2,5,0.34509,1,4,4,0,0,244.75,15
563,0,0.49617,3,1,0,3,4,0.82369,1,5,4,0,0,245.57,16
564,0.59704,0.24581,1,1,2,3,4,0.78345,1,6,4,0,0,246.36,17
565,0,0.53831,3,1,0,3,4,0.85911,1,7,4,0,0,247.21,18
566,0.42184,0.33527,1,1,2,3,4,0.72611,1,8,4,0,0,247.94,19
567,0.4506,0.25441,1,1,2,3,4,0.86943,1,9,4,0,0,248.81,20
568,0,0.49067,3,1,0,3,4,0.95692,1,10,4,0,0,249.77,21
569,0,0,2,1,0,2,0,0,0,0,4,0,1,249.77,22
570,0,0.50506,3,1,0,3,5,0.42733,0,0,4,0,0,250.19,23
571,0.65309,0.24382,1,1,2,3,5,0.036938,0,1,4,0,0,250.23,24
572,0,0,2,1,0,2,0,0,0,2,4,0,1,250.23,25
573,0,0.60696,3,1,0,3,5,0.046867,0,2,4,0,0,250.28,26
574,0,0.48968,3,1,0,3,5,0.088724,0,3,4,0,0,250.37,27
575,0.63679,0.14995,1,1,1,2,4,0.96273,0,4,4,0,0,251.33,28
576,0,0.37673,2,1,0,2,4,0.91717,0,5,4,0,0,252.25,29
577,0.5447,0.32582,1,1,1,2,4,0.75258,0,6,4,0,0,253,30
578,0,0.54099,2,1,0,2,4,0.82853,0,7,4,0,0,253.83,31
579,0,0.59513,2,1,0,2,4,0.9343,0,8,4,0,0,254.76,32
580,0.57544,0.19812,1,1,1,2,4,0.97726,0,9,4,0,0,255.74,33
581,0,0.58684,3,1,0,3,5,0.091826,0,10,4,0,0,255.83,34
582,0,0.50333,3,1,0,3,4,0.62325,1,0,4,0,0,256.45,35
583,0.60238,0.28268,1,1,1,2,5,0.19783,1,1,4,0,0,256.65,36
584,0.45713,0.23034,1,1,1,2,5,0.21759,1,2,4,0,0,256.87,37
585,0,0.42581,3,1,0,3,4,0.92099,1,3,4,0,0,257.79,38
586,0,0.55428,2,1,0,2,5,0.051934,1,4,4,0,0,257.84,39
587,0.59208,0.003206,1,1,2,3,4,0.91064,1,5,4,0,0,258.75,40
588,0,0.55367,2,1,0,2,5,0.17226,1,6,4,0,0,258.93,41
589,0,0.45753,3,1,0,3,4,0.26543,1,7,5,0,0,259.19,0
590,0.49045,0.16898,1,1,2,3,4,0.010137,1,8,5,0,0,259.2,1
591,0,0.66278,3,1,0,3,4,0.2954,1,9,5,0,0,259.5,2
592,0.54428,0.28758,1,1,1,2,5,0.61547,1,10,5,0,0,260.11,3
593,0.47747,0.30698,1,1,1,2,5,0.83854,1,11,5,0,0,260.95,4
594,0,0.7328,2,1,0,2,4,0.11986,0,0,5,0,0,261.07,5
595,0.61655,0.56117,1,1,1,2,4,0.020657,0,1,5,0,0,261.09,6
596,0.67743,0.23833,1,1,1,2,4,0.11471,0,2,5,0,0,261.21,7
597,0.53032,0.3267,1,1,2,3,5,0.96005,0,3,5,0,0,262.17,8
598,0.39593,0.27311,1,1,2,3,5,0.71926,0,4,5,0,0,262.89,9
599,0.55184,0.19028,1,1,2,3,5,0.98234,0,5,5,0,0,263.87,10
600,0.569,0,1,1,2,3,0,0,0,6,5,0,1,263.87,11
