1,0.47214,0.35424,1,1,2,3,5,0.5,0,0,5,0,0,0.5,0
2,0.42883,0.5394,1,1,1,2,4,0.55659,0,1,5,0,0,1.0566,1
3,0,0,3,1,0,3,0,0,0,2,5,1,0,1.0566,2
4,0.06928,0,1,1,2,3,0,0,0,2,5,1,0,1.0566,3
5,0.48562,0.46135,1,1,2,3,5,0.48062,0,2,5,0,0,1.5372,4
6,0,0,2,1,0,2,0,0,0,3,5,1,0,1.5372,5
7,0.32951,0.51028,1,1,1,2,4,0.62164,0,3,5,0,0,2.1589,6
8,0,0.55423,3,1,0,3,5,0.35076,0,4,5,0,0,2.5096,7
9,0,0.60183,3,1,0,3,5,0.41678,0,5,5,0,0,2.9264,8
10,0.45776,0.45854,1,1,2,3,5,0.70569,0,6,5,0,0,3.6321,9
11,0.50267,0.50159,1,1,2,3,4,0.17686,1,0,5,0,0,3.8089,10
12,0,0.66016,2,1,0,2,5,0.99346,1,1,5,0,0,4.8024,11
13,0,0.57675,3,1,0,3,4,0.048608,1,2,5,0,0,4.851,12
14,0.54992,0.48817,1,1,2,3,4,0.002914,1,3,5,0,0,4.8539,13
15,0.46906,0.48873,1,1,1,2,5,0.97318,1,4,5,0,0,5.8271,14
16,0,0,2,1,0,2,0,0,1,5,5,1,0,5.8271,15
17,0.61599,0.50536,1,1,1,2,5,0.99884,1,5,5,0,0,6.8259,16
18,0,0.50389,3,1,0,3,4,0.083843,1,6,5,0,0,6.9098,17
19,0.38584,0.59181,1,1,1,2,5,0.77745,1,7,5,0,0,7.6872,18
20,0.41237,0.56044,1,1,1,2,5,0.89116,1,8,5,0,0,8.5784,19
21,0,0,2,1,0,2,0,0,1,9,5,1,0,8.5784,20
22,0.61718,0.5474,1,1,2,3,4,0.2642,1,9,5,0,0,8.8426,21
23,0,0.61789,3,1,0,3,5,0.86502,0,0,5,0,0,9.7076,22
24,0,0.64575,2,1,0,2,4,0.14957,0,1,5,0,0,9.8572,23
25,0,0.70637,2,1,0,2,4,0.3705,0,2,5,0,0,10.228,24
26,0,0.57474,2,1,0,2,4,0.048788,0,3,5,0,0,10.276,25
27,0,0.57233,3,1,0,3,5,0.8789,0,4,5,0,0,11.155,26
28,0.55252,0.64824,1,1,2,3,5,0.96545,0,5,5,0,0,12.121,27
29,0.50802,0.63926,1,1,1,2,4,0.05668,0,6,5,0,0,12.178,28
30,0,0.60498,3,1,0,3,5,0.9937,0,7,5,0,0,13.171,29
31,0.53115,0.62433,1,1,1,2,4,0.14058,0,8,5,0,0,13.312,30
32,0,0,2,1,0,2,0,0,1,0,5,1,0,13.312,31
33,0.55482,0.51221,1,1,1,2,5,0.95855,1,0,5,0,0,14.27,32
34,0,0,2,1,0,2,0,0,1,1,5,1,0,14.27,33
35,0,0.53263,3,1,0,3,4,0.13436,1,1,5,0,0,14.405,34
36,0.53237,0.51711,1,1,2,3,4,0.12408,1,2,5,0,0,14.529,35
37,0,0.47464,3,1,0,3,4,0.25879,1,3,5,0,0,14.788,36
38,0.58251,0.53692,1,1,2,3,4,0.13072,1,4,5,0,0,14.918,37
39,0.55303,0.42886,1,1,1,2,5,0.99874,1,5,5,0,0,15.917,38
40,0.3622,0.5404,1,1,1,2,5,0.98082,1,6,5,0,0,16.898,39
41,0.34631,0.52228,1,1,2,3,4,0.20129,1,7,5,0,0,17.099,40
42,0,0.59591,3,1,0,3,5,0.12309,0,0,4,0,0,17.222,0
43,0.41365,0.59324,1,1,2,3,5,0.087161,0,1,4,0,0,17.309,1
44,0.4228,0.59477,1,1,1,2,4,0.83518,0,2,4,0,0,18.145,2
45,0.37529,0.62113,1,1,1,2,4,0.63253,0,3,4,0,0,18.777,3
46,0.40906,0.55454,1,1,1,2,4,0.71786,0,4,4,0,0,19.495,4
47,0.38218,0.61418,1,1,1,2,4,0.89145,0,5,4,0,0,20.386,5
48,0.47019,0.42313,1,1,2,3,5,0.25916,0,6,4,0,0,20.646,6
49,0,0.60497,3,1,0,3,5,0.076516,0,7,4,0,0,20.722,7
50,0,0.53757,3,1,0,3,5,0.08945,0,8,4,0,0,20.812,8
51,0,0.53461,3,1,0,3,4,0.95959,1,0,4,0,0,21.771,9
52,0,0.5226,3,1,0,3,4,0.72419,1,1,4,0,0,22.495,10
53,0,0.41406,3,1,0,3,4,0.97847,1,2,4,0,0,23.474,11
54,0,0.60213,2,1,0,2,5,0.28242,1,3,4,0,0,23.756,12
55,0.5789,0.61333,1,1,2,3,4,0.81361,1,4,4,0,0,24.57,13
56,0,0.65415,2,1,0,2,5,0.091391,1,5,4,0,0,24.661,14
57,0,0.67231,3,1,0,3,4,0.50437,1,6,4,0,0,25.166,15
58,0.50577,0.58734,1,1,2,3,4,0.83799,1,7,4,0,0,26.004,16
59,0.54024,0.55604,1,1,2,3,4,0.88414,1,8,4,0,0,26.888,17
60,0.46649,0.55551,1,1,2,3,4,0.77553,1,9,4,0,0,27.663,18
61,0.54373,0,1,1,1,2,0,0,0,0,4,1,0,27.663,19
62,0.44412,0.44266,1,1,1,2,4,0.98895,0,0,4,0,0,28.652,20
63,0.40887,0.55546,1,1,1,2,4,0.84506,0,1,4,0,0,29.497,21
64,0,0,2,1,0,2,0,0,0,2,4,1,0,29.497,22
65,0,0.61787,3,1,0,3,5,0.24982,0,2,4,0,0,29.747,23
66,0,0.3706,2,1,0,2,4,0.54109,0,3,4,0,0,30.288,24
67,0,0.53485,3,1,0,3,5,0.52048,0,4,4,0,0,30.809,25
68,0,0.54629,3,1,0,3,5,0.34017,0,5,4,0,0,31.149,26
69,0.58031,0.52508,1,1,2,3,5,0.10791,0,6,4,0,0,31.257,27
70,0,0.58948,3,1,0,3,5,0.34452,0,7,4,0,0,31.601,28
71,0.59843,0.38888,1,1,1,2,4,0.96923,0,8,4,0,0,32.57,29
72,0,0,2,1,0,2,0,0,1,0,4,1,0,32.57,30
73,0,0,1,1,0,0,0,0,1,0,4,1,0,32.57,31
74,0,0.52861,3,1,0,3,4,0.91075,1,0,4,0,0,33.481,32
75,0,0.67072,2,1,0,2,5,0.20695,1,1,4,0,0,33.688,33
76,0.54865,0.35465,1,1,2,3,4,0.68502,1,2,4,0,0,34.373,34
77,0,0,2,1,0,2,0,0,1,3,4,1,0,34.373,35
78,0.64727,0.30749,1,1,1,2,5,0.16939,1,3,4,0,0,34.543,36
79,0.43945,0.30324,1,1,2,3,4,0.96827,1,4,4,0,0,35.511,37
80,0,0,2,1,0,2,0,0,1,5,4,1,0,35.511,38
81,0,0.57599,3,1,0,3,4,0.93818,1,5,4,0,0,36.449,39
82,0.5448,0.28894,1,1,2,3,4,0.92119,1,6,4,0,0,37.37,40
83,0.41172,0.26303,1,1,2,3,4,0.34881,1,7,5,0,0,37.719,0
84,0,0.57766,3,1,0,3,4,0.19828,1,8,5,0,0,37.917,1
85,0.59117,0.29253,1,1,2,3,5,0.85981,0,0,5,0,0,38.777,2
86,0,0.74437,2,1,0,2,4,0.41082,0,1,5,0,0,39.188,3
87,0,0,2,1,0,2,0,0,0,2,5,1,0,39.188,4
88,0.67621,0.24943,1,1,2,3,5,0.74835,0,2,5,0,0,39.936,5
89,0,0.58059,3,1,0,3,5,0.75232,0,3,5,0,0,40.689,6
90,0.54277,0.30244,1,1,2,3,5,0.71905,0,4,5,0,0,41.408,7
91,0.58541,0.29546,1,1,2,3,5,0.70497,0,5,5,0,0,42.113,8
92,0,0.61741,2,1,0,2,4,0.18437,0,6,5,0,0,42.297,9
93,0,0.6544,2,1,0,2,4,0.2124,0,7,5,0,0,42.509,10
94,0.53288,0.27419,1,1,2,3,4,0.064854,1,0,5,0,0,42.574,11
95,0.52171,0.32431,1,1,2,3,4,0.3414,1,1,5,0,0,42.916,12
96,0,0.58137,3,1,0,3,4,0.14742,1,2,5,0,0,43.063,13
97,0,0.49802,3,1,0,3,4,0.22205,1,3,5,0,0,43.285,14
98,0,0,2,1,0,2,0,0,1,4,5,1,0,43.285,15
99,0,0.58621,3,1,0,3,4,0.11243,1,4,5,0,0,43.398,16
100,0,0.71184,3,1,0,3,4,0.090944,1,5,5,0,0,43.488,17
101,0,0.43727,3,1,0,3,4,0.047218,1,6,5,0,0,43.536,18
102,0,0.40312,3,1,0,3,4,0.002217,1,7,5,0,0,43.538,19
103,0.4974,0.28411,1,1,2,3,5,0.80708,0,0,5,0,0,44.345,20
104,0.39044,0.31307,1,1,2,3,5,0.94633,0,1,5,0,0,45.291,21
105,0,0,1,1,0,0,0,0,0,2,5,1,0,45.291,22
106,0,0.62323,2,1,0,2,4,0.28507,0,2,5,0,0,45.576,23
107,0.67329,0.31891,1,1,1,2,4,0.069136,0,3,5,0,0,45.646,24
108,0,0.58391,2,1,0,2,4,0.13072,0,4,5,0,0,45.776,25
109,0.52613,0.30664,1,1,2,3,5,0.89061,0,5,5,0,0,46.667,26
110,0.37846,0.2857,1,1,2,3,5,0.87328,0,6,5,0,0,47.54,27
111,0,0.69434,3,1,0,3,5,0.85227,0,7,5,0,0,48.392,28
112,0,0.42925,3,1,0,3,5,0.80384,0,8,5,0,0,49.196,29
113,0.68532,0.28103,1,1,2,3,5,0.9515,0,9,5,0,0,50.148,30
114,0.48168,0.28865,1,1,2,3,4,0.061761,1,0,5,0,0,50.21,31
115,0.53591,0.25664,1,1,2,3,4,0.000673,1,1,5,0,0,50.21,32
116,0.55315,0.27464,1,1,2,3,4,0.074771,1,2,5,0,0,50.285,33
117,0,0.63504,2,1,0,2,5,0.94898,1,3,5,0,0,51.234,34
118,0,0.50089,3,1,0,3,4,0.001084,1,4,5,0,0,51.235,35
119,0,0.4433,2,1,0,2,5,0.97548,1,5,5,0,0,52.211,36
120,0,0.5021,3,1,0,3,4,0.082541,1,6,5,0,0,52.293,37
121,0.63244,0.30409,1,1,2,3,4,0.27835,1,7,5,0,0,52.571,38
122,0.47174,0.29513,1,1,1,2,5,0.774,1,8,5,0,0,53.345,39
123,0,0,1,1,0,0,0,0,0,0,5,1,0,53.345,40
124,0.4348,0.19148,1,1,1,2,4,0.81047,0,0,4,0,0,54.156,0
125,0,0.57792,3,1,0,3,5,0.19012,0,1,4,0,0,54.346,1
126,0.44465,0.16887,1,1,1,2,4,0.75325,0,2,4,0,0,55.099,2
127,0.40984,0.2742,1,1,1,2,4,0.78723,0,3,4,0,0,55.886,3
128,0.37177,0.2573,1,1,1,2,4,0.6076,0,4,4,0,0,56.494,4
129,0.40811,0.19673,1,1,1,2,4,0.64307,0,5,4,0,0,57.137,5
130,0.57134,0.16023,1,1,1,2,4,0.92491,0,6,4,0,0,58.062,6
131,0.43062,0.25135,1,1,1,2,4,0.81883,0,7,4,0,0,58.881,7
132,0.52551,0.16334,1,1,1,2,4,0.97886,0,8,4,0,0,59.86,8
133,0,0.69891,2,1,0,2,4,0.95019,0,9,4,0,0,60.81,9
134,0.5191,0.065893,1,1,1,2,5,0.015238,1,0,4,0,0,60.825,10
135,0,0.64142,3,1,0,3,4,0.85405,1,1,4,0,0,61.679,11
136,0.53881,0.022445,1,1,1,2,5,0.35093,1,2,4,0,0,62.03,12
137,0.58129,0.009529,1,1,1,2,5,0.1598,1,3,4,0,0,62.19,13
138,0,0,2,1,0,2,0,0,1,4,4,1,0,62.19,14
139,0,0.45628,3,1,0,3,4,0.83916,1,4,4,0,0,63.029,15
140,0.59785,0.24306,1,1,2,3,4,0.99129,1,5,4,0,0,64.02,16
141,0,0.6658,2,1,0,2,5,0.034383,1,6,4,0,0,64.055,17
142,0.48564,0.10381,1,1,2,3,4,0.96323,1,7,4,0,0,65.018,18
143,0.41826,0.27796,1,1,2,3,4,0.98659,1,8,4,0,0,66.005,19
144,0.42332,0.2558,1,1,2,3,5,0.31363,0,0,4,0,0,66.318,20
145,0,0.55874,3,1,0,3,5,0.092328,0,1,4,0,0,66.411,21
146,0,0.62914,2,1,0,2,4,0.88762,0,2,4,0,0,67.298,22
147,0.47319,0.17843,1,1,1,2,4,0.97771,0,3,4,0,0,68.276,23
148,0,0.66034,2,1,0,2,4,0.88306,0,4,4,0,0,69.159,24
149,0.42208,0.25211,1,1,1,2,4,0.81871,0,5,4,0,0,69.978,25
150,0.46049,0.25964,1,1,1,2,4,0.95859,0,6,4,0,0,70.936,26
151,0,0.56781,3,1,0,3,5,0.037438,0,7,4,0,0,70.974,27
152,0.56833,0.19304,1,1,1,2,4,0.88182,0,8,4,0,0,71.856,28
153,0,0.62001,3,1,0,3,4,0.95024,1,0,4,0,0,72.806,29
154,0.34806,0.29193,1,1,2,3,4,0.84266,1,1,4,0,0,73.648,30
155,0,0.50674,3,1,0,3,4,0.77539,1,2,4,0,0,74.424,31
156,0,0.58489,2,1,0,2,5,0.015112,1,3,4,0,0,74.439,32
157,0,0,2,1,0,2,0,0,1,4,4,0,1,74.439,33
158,0,0.53323,2,1,0,2,5,0.076728,1,4,4,0,0,74.516,34
159,0,0,1,1,0,0,0,0,1,5,4,1,0,74.516,35
160,0,0,3,1,0,3,0,0,1,5,4,1,0,74.516,36
161,0.67114,0,1,1,2,3,0,0,1,5,4,1,0,74.516,37
162,0,0.51654,3,1,0,3,4,0.85956,1,5,4,0,0,75.375,38
163,0.63163,0.19811,1,1,2,3,4,0.96853,1,6,4,0,0,76.344,39
164,0,0.63624,2,1,0,2,5,0.040044,1,7,4,0,0,76.384,40
165,0.44821,0.27999,1,1,2,3,4,0.16012,1,8,5,0,0,76.544,0
166,0,0.46712,3,1,0,3,4,0.29407,1,9,5,0,0,76.838,1
167,0,0.36988,2,1,0,2,4,0.1848,0,0,5,0,0,77.023,2
168,0.42701,0.27741,1,1,2,3,5,0.96879,0,1,5,0,0,77.992,3
169,0.37352,0.23624,1,1,2,3,5,0.87332,0,2,5,0,0,78.865,4
170,0,0.66376,3,1,0,3,5,0.87635,0,3,5,0,0,79.741,5
171,0.57195,0.21376,1,1,2,3,5,0.63328,0,4,5,0,0,80.375,6
172,0,0.58265,2,1,0,2,4,0.60783,0,5,5,0,0,80.982,7
173,0.59864,0.27358,1,1,2,3,5,0.86703,0,6,5,0,0,81.849,8
174,0,0.60662,2,1,0,2,4,0.012853,0,7,5,0,0,81.862,9
175,0.52304,0.26777,1,1,2,3,5,0.74349,0,8,5,0,0,82.606,10
176,0,0.49382,3,1,0,3,4,0.44373,1,0,5,0,0,83.049,11
177,0,0.43163,2,1,0,2,5,0.68888,1,1,5,0,0,83.738,12
178,0,0.6357,3,1,0,3,4,0.099641,1,2,5,0,0,83.838,13
179,0.57509,0.074308,1,1,1,2,5,0.94891,1,3,5,0,0,84.787,14
180,0.43235,0.25817,1,1,1,2,5,0.8023,1,4,5,0,0,85.589,15
181,0,0.53861,3,1,0,3,4,0.069,1,5,5,0,0,85.658,16
182,0,0,1,1,0,0,0,0,1,6,5,1,0,85.658,17
183,0,0.63755,2,1,0,2,5,0.88799,1,6,5,0,0,86.546,18
184,0.54225,0.055061,1,1,1,2,4,0.097903,0,0,5,0,0,86.644,19
185,0,0.64352,3,1,0,3,5,0.65594,0,1,5,0,0,87.3,20
186,0.59362,0.1582,1,1,1,2,4,0.12147,0,2,5,0,0,87.422,21
187,0,0,2,1,0,2,0,0,0,3,5,1,0,87.422,22
188,0,0,1,1,0,0,0,0,0,3,5,1,0,87.422,23
189,0,0.55513,3,1,0,3,5,0.88011,0,3,5,0,0,88.302,24
190,0,0.50263,3,1,0,3,5,0.88304,0,4,5,0,0,89.185,25
191,0.51411,0.1382,1,1,2,3,5,0.76172,0,5,5,0,0,89.946,26
192,0.32768,0.27571,1,1,2,3,5,0.74607,0,6,5,0,0,90.692,27
193,0,0.61053,2,1,0,2,4,0.022775,0,7,5,0,0,90.715,28
194,0,0,1,1,0,0,0,0,0,8,5,1,0,90.715,29
195,0,0.51775,3,1,0,3,5,0.76787,0,8,5,0,0,91.483,30
196,0.54895,0.14057,1,1,1,2,4,0.087061,0,9,5,0,0,91.57,31
197,0.41532,0.20513,1,1,2,3,4,0.14472,1,0,5,0,0,91.715,32
198,0.44043,0.1514,1,1,2,3,4,0.43815,1,1,5,0,0,92.153,33
199,0,0.61742,2,1,0,2,5,0.73333,1,2,5,0,0,92.886,34
200,0.36418,0.003207,1,1,1,2,5,0.97112,1,3,5,0,0,93.857,35
201,0,0,2,1,0,2,0,0,1,4,5,1,0,93.857,36
202,0,0,1,1,0,0,0,0,1,4,5,1,0,93.857,37
203,0.41726,0.079487,1,1,1,2,5,0.8745,1,4,5,0,0,94.732,38
204,0.34493,0.016277,1,1,1,2,5,0.90051,1,5,5,0,0,95.632,39
205,0.411,0.14694,1,1,1,2,5,0.84559,1,6,5,0,0,96.478,40
206,0,0.57544,3,1,0,3,4,0.94465,1,7,4,0,0,97.423,0
207,0,0,2,1,0,2,0,0,1,8,4,0,1,97.423,1
208,0.55938,0.054454,1,1,1,2,5,0.037647,1,8,4,0,0,97.46,2
209,0.38081,0.075151,1,1,2,3,4,0.89818,1,9,4,0,0,98.359,3
210,0,0.61537,2,1,0,2,4,0.97713,0,0,4,0,0,99.336,4
211,0,0.67144,2,1,0,2,4,0.89942,0,1,4,0,0,100.24,5
212,0,0.58901,3,1,0,3,5,0.033189,0,2,4,0,0,100.27,6
213,0.36955,0.15568,1,1,1,2,4,0.95671,0,3,4,0,0,101.23,7
214,0,0.55041,3,1,0,3,5,0.19063,0,4,4,0,0,101.42,8
215,0,0.58345,3,1,0,3,5,0.14436,0,5,4,0,0,101.56,9
216,0.59583,0.1414,1,1,1,2,5,0.133,1,0,4,0,0,101.69,10
217,0.38609,0.10328,1,1,2,3,4,0.87103,1,1,4,0,0,102.56,11
218,0.43234,0.070381,1,1,2,3,4,0.78132,1,2,4,0,0,103.35,12
219,0.41827,0.16786,1,1,2,3,5,0.23516,0,0,4,0,0,103.58,13
220,0,0.5993,3,1,0,3,5,0.27926,0,1,4,0,0,103.86,14
221,0,0.48627,3,1,0,3,5,0.21996,0,2,4,0,0,104.08,15
222,0,0.42986,2,1,0,2,4,0.6695,0,3,4,0,0,104.75,16
223,0,0.50296,3,1,0,3,5,0.17731,0,4,4,0,0,104.93,17
224,0.39557,0.003261,1,1,1,2,4,0.92282,0,5,4,0,0,105.85,18
225,0.51784,0.040963,1,1,1,2,5,0.11395,1,0,4,0,0,105.96,19
226,0,0,1,1,0,0,0,0,1,1,4,1,0,105.96,20
227,0.56846,0.003229,1,1,2,3,4,0.92175,1,1,4,0,0,106.89,21
228,0,0.68721,2,1,0,2,5,0.30935,1,2,4,0,0,107.19,22
229,0,0.5959,3,1,0,3,4,0.6253,1,3,4,0,0,107.82,23
230,0,0.60214,2,1,0,2,4,0.71651,0,0,4,0,0,108.54,24
231,0,0.59307,3,1,0,3,5,0.14112,0,1,4,0,0,108.68,25
232,0.37462,0.051621,1,1,1,2,4,0.7485,0,2,4,0,0,109.43,26
233,0,0.603,3,1,0,3,5,0.2833,0,3,4,0,0,109.71,27
234,0,0,1,1,0,0,0,0,0,4,4,1,0,109.71,28
235,0,0.55456,3,1,0,3,5,0.061292,0,4,4,0,0,109.77,29
236,0.52184,0.021825,1,1,1,2,4,0.9068,0,5,4,0,0,110.68,30
237,0,0,2,1,0,2,0,0,1,0,4,0,1,110.68,31
238,0.60088,0.15371,1,1,1,2,5,0.037567,1,0,4,0,0,110.71,32
239,0,0.65475,2,1,0,2,5,0.003167,1,1,4,0,0,110.72,33
240,0,0,1,1,0,0,0,0,1,2,4,1,0,110.72,34
241,0,0.51563,3,1,0,3,4,0.84647,1,2,4,0,0,111.56,35
242,0,0,1,1,0,0,0,0,1,3,4,1,0,111.56,36
243,0,0.61106,2,1,0,2,5,0.14418,1,3,4,0,0,111.71,37
244,0,0.5382,3,1,0,3,5,0.25213,0,0,4,0,0,111.96,38
245,0,0.60807,2,1,0,2,4,0.8179,0,1,4,0,0,112.78,39
246,0.43957,0.075442,1,1,1,2,4,0.76598,0,2,4,0,0,113.54,40
247,0,0.50084,3,1,0,3,5,0.98104,0,3,5,0,0,114.53,0
248,0,0.53832,2,1,0,2,4,0.13477,0,4,5,0,0,114.66,1
249,0,0.61497,3,1,0,3,4,0.00227,1,0,5,0,0,114.66,2
250,0,0.60229,3,1,0,3,4,0.000898,1,1,5,0,0,114.66,3
251,0.59587,0,1,1,1,2,0,0,1,2,5,0,1,114.66,4
252,0.60859,0.43889,1,1,1,2,5,0.82342,1,2,5,0,0,115.49,5
253,0.51967,0.092942,1,1,1,2,5,0.86441,1,3,5,0,0,116.35,6
254,0,0.60518,2,1,0,2,5,0.87838,1,4,5,0,0,117.23,7
255,0,0.58588,3,1,0,3,4,0.3247,1,5,5,0,0,117.55,8
256,0.69315,0.077368,1,1,1,2,4,0.36742,0,0,5,0,0,117.92,9
257,0.60208,0.058493,1,1,1,2,4,0.34654,0,1,5,0,0,118.27,10
258,0.40997,0.068769,1,1,2,3,5,0.89396,0,2,5,0,0,119.16,11
259,0,0,3,1,0,3,0,0,0,3,5,1,0,119.16,12
260,0,0.42914,2,1,0,2,4,0.15334,0,3,5,0,0,119.32,13
261,0.51187,0.12391,1,1,2,3,5,0.97071,0,4,5,0,0,120.29,14
262,0.47067,0.3565,1,1,2,3,4,0.081984,1,0,5,0,0,120.37,15
263,0,0.53728,2,1,0,2,5,0.77569,1,1,5,0,0,121.14,16
264,0.58161,0.02212,1,1,1,2,5,0.49588,1,2,5,0,0,121.64,17
265,0.64875,0.021992,1,1,1,2,5,0.31883,1,3,5,0,0,121.96,18
266,0.44469,0.16729,1,1,1,2,4,0.28636,0,0,5,0,0,122.25,19
267,0,0.47807,2,1,0,2,4,0.071329,0,1,5,0,0,122.32,20
268,0,0,1,1,0,0,0,0,0,2,5,1,0,122.32,21
269,0.44089,0.003319,1,1,1,2,4,0.030717,0,2,5,0,0,122.35,22
270,0,0.59218,3,1,0,3,5,0.99353,0,3,5,0,0,123.34,23
271,0.62108,0.003251,1,1,2,3,4,0.027792,1,0,5,0,0,123.37,24
272,0,0.64342,2,1,0,2,5,0.92636,1,1,5,0,0,124.29,25
273,0,0.59883,2,1,0,2,5,0.84967,1,2,5,0,0,125.14,26
274,0.52517,0.058253,1,1,1,2,4,0.062142,0,0,5,0,0,125.21,27
275,0.58314,0.26119,1,1,2,3,5,0.66407,0,1,5,0,0,125.87,28
276,0.52064,0.2039,1,1,2,3,5,0.80478,0,2,5,0,0,126.68,29
277,0,0.57661,2,1,0,2,4,0.23858,0,3,5,0,0,126.91,30
278,0,0.59272,2,1,0,2,4,0.18283,0,4,5,0,0,127.1,31
279,0.54775,0.014009,1,1,2,3,4,0.18833,1,0,5,0,0,127.29,32
280,0.45685,0.003265,1,1,2,3,4,0.37509,1,1,5,0,0,127.66,33
281,0,0.66582,3,1,0,3,4,0.18969,1,2,5,0,0,127.85,34
282,0,0.67933,2,1,0,2,4,0.064582,0,0,5,0,0,127.91,35
283,0,0.6224,3,1,0,3,5,0.95085,0,1,5,0,0,128.87,36
284,0,0,2,1,0,2,0,0,0,2,5,0,1,128.87,37
285,0,0.46952,2,1,0,2,4,0.064581,0,2,5,0,0,128.93,38
286,0,0.65799,2,1,0,2,4,0.045981,0,3,5,0,0,128.98,39
287,0,0.38626,3,1,0,3,5,0.92872,0,4,5,0,0,129.9,40
288,0,0.60358,2,1,0,2,4,0.83523,0,5,4,0,0,130.74,0
289,0,0,1,1,0,0,0,0,0,6,4,1,0,130.74,1
290,0.6904,0.6805,1,1,1,2,4,0.64848,0,6,4,0,0,131.39,2
291,0,0.69386,2,1,0,2,5,0.003095,1,0,4,0,0,131.39,3
292,0.57562,0.15711,1,1,2,3,4,0.84156,1,1,4,0,0,132.23,4
293,0,0.57705,3,1,0,3,4,0.7877,1,2,4,0,0,133.02,5
294,0,0.5772,2,1,0,2,5,0.054784,1,3,4,0,0,133.08,6
295,0.48676,0.074703,1,1,2,3,5,0.20899,0,0,4,0,0,133.28,7
296,0.56566,0.16398,1,1,2,3,5,0.062778,0,1,4,0,0,133.35,8
297,0,0.66651,2,1,0,2,4,0.94299,0,2,4,0,0,134.29,9
298,0,0,3,1,0,3,0,0,0,3,4,0,1,134.29,10
299,0,0.50633,3,1,0,3,5,0.11428,0,3,4,0,0,134.4,11
300,0,0,3,1,0,3,0,0,1,0,4,1,0,134.4,12
301,0.63294,0.14534,1,1,1,2,5,0.007864,1,0,4,0,0,134.41,13
302,0,0.69039,2,1,0,2,5,0.032687,1,1,4,0,0,134.45,14
303,0.65639,0.032341,1,1,2,3,4,0.87774,1,2,4,0,0,135.32,15
304,0,0.54971,3,1,0,3,5,0.085138,0,0,4,0,0,135.41,16
305,0.47061,0.003231,1,1,1,2,4,0.96576,0,1,4,0,0,136.37,17
306,0.44156,0.012555,1,1,1,2,4,0.62711,0,2,4,0,0,137,18
307,0.63049,0.003285,1,1,1,2,4,0.69164,0,3,4,0,0,137.69,19
308,0,0,2,1,0,2,0,0,1,0,4,0,1,137.69,20
309,0.51713,0.066262,1,1,1,2,5,0.23907,1,0,4,0,0,137.93,21
310,0.727,0.19479,1,1,2,3,4,0.78382,1,1,4,0,0,138.72,22
311,0,0.54513,3,1,0,3,4,0.85672,1,2,4,0,0,139.57,23
312,0,0.46738,3,1,0,3,5,0.18173,0,0,4,0,0,139.75,24
313,0.4396,0.003217,1,1,1,2,4,0.83351,0,1,4,0,0,140.59,25
314,0.62632,0.17773,1,1,1,2,4,0.59867,0,2,4,0,0,141.19,26
315,0.5553,0.15185,1,1,1,2,4,0.72618,0,3,4,0,0,141.91,27
316,0.42647,0.14425,1,1,1,2,4,0.77248,0,4,4,0,0,142.68,28
317,0.41733,0.04151,1,1,1,2,4,0.93396,0,5,4,0,0,143.62,29
318,0,0.65189,2,1,0,2,5,0.16365,1,0,4,0,0,143.78,30
319,0,0.42827,3,1,0,3,4,0.96726,1,1,4,0,0,144.75,31
320,0.45376,0.051999,1,1,2,3,4,0.924,1,2,4,0,0,145.67,32
321,0,0.7473,2,1,0,2,5,0.010433,1,3,4,0,0,145.68,33
322,0.59132,0,1,1,1,2,0,0,0,0,4,0,1,145.68,34
323,0,0,2,1,0,2,0,0,0,0,4,1,0,145.68,35
324,0,0.40949,2,1,0,2,4,0.7618,0,0,4,0,0,146.45,36
325,0.64464,0.0591,1,1,1,2,4,0.81329,0,1,4,0,0,147.26,37
326,0,0.53558,2,1,0,2,4,0.99441,0,2,4,0,0,148.25,38
327,0,0.59681,3,1,0,3,5,0.17625,0,3,4,0,0,148.43,39
328,0,0.56035,3,1,0,3,5,0.49866,0,4,4,0,0,148.93,40
329,0,0,1,1,0,0,0,0,0,5,5,1,0,148.93,0
330,0,0,3,1,0,3,0,0,0,5,5,0,1,148.93,1
331,0.71383,0.003203,1,1,2,3,5,0.72328,0,5,5,0,0,149.65,2
332,0,0.72674,2,1,0,2,5,0.83847,1,0,5,0,0,150.49,3
333,0.41795,0.003368,1,1,2,3,4,0.007692,1,1,5,0,0,150.5,4
334,0,0.60766,2,1,0,2,5,0.9703,1,2,5,0,0,151.47,5
335,0.52867,0.003221,1,1,2,3,5,0.99984,0,0,5,0,0,152.47,6
336,0,0.59849,2,1,0,2,4,0.064654,0,1,5,0,0,152.53,7
337,0.4875,0.003996,1,1,2,3,5,0.84366,0,2,5,0,0,153.38,8
338,0.61852,0.010216,1,1,2,3,5,0.98058,0,3,5,0,0,154.36,9
339,0,0.56125,3,1,0,3,5,0.90075,0,4,5,0,0,155.26,10
340,0,0.55652,3,1,0,3,5,0.78914,0,5,5,0,0,156.05,11
341,0,0.58601,3,1,0,3,4,0.3387,1,0,5,0,0,156.39,12
342,0,0.43616,3,1,0,3,4,0.45683,1,1,5,0,0,156.84,13
343,0,0.48023,3,1,0,3,4,0.081059,1,2,5,0,0,156.92,14
344,0.48104,0.003214,1,1,1,2,5,0.88867,1,3,5,0,0,157.81,15
345,0.43472,0.055838,1,1,1,2,4,0.000684,0,0,5,0,0,157.81,16
346,0.40954,0.028601,1,1,2,3,5,0.75457,0,1,5,0,0,158.57,17
347,0.50591,0.045493,1,1,2,3,5,0.82619,0,2,5,0,0,159.39,18
348,0.63996,0.003249,1,1,2,3,5,0.84085,0,3,5,0,0,160.23,19
349,0.46975,0.090017,1,1,2,3,5,0.98765,0,4,5,0,0,161.22,20
350,0,0.57508,3,1,0,3,5,0.87272,0,5,5,0,0,162.09,21
351,0.46843,0.003267,1,1,2,3,4,0.30822,1,0,5,0,0,162.4,22
352,0,0.38374,3,1,0,3,4,0.57979,1,1,5,0,0,162.98,23
353,0.44952,0.14283,1,1,2,3,4,0.53976,1,2,5,0,0,163.52,24
354,0.35041,0.15075,1,1,2,3,4,0.37091,1,3,5,0,0,163.89,25
355,0.56,0.06272,1,1,2,3,4,0.22855,1,4,5,0,0,164.12,26
356,0,0.75166,2,1,0,2,5,0.93254,1,5,5,0,0,165.05,27
357,0,0.54209,2,1,0,2,4,0.040237,0,0,5,0,0,165.09,28
358,0,0.56652,3,1,0,3,5,0.86842,0,1,5,0,0,165.96,29
359,0.40654,0.003216,1,1,2,3,5,0.93987,0,2,5,0,0,166.9,30
360,0,0.50102,3,1,0,3,5,0.96546,0,3,5,0,0,167.87,31
361,0,0,2,1,0,2,0,0,1,0,5,1,0,167.87,32
362,0.62904,0.15605,1,1,2,3,4,0.34833,1,0,5,0,0,168.22,33
363,0.40033,0.003195,1,1,1,2,5,0.71687,1,1,5,0,0,168.93,34
364,0.51413,0.10325,1,1,1,2,5,0.72409,1,2,5,0,0,169.66,35
365,0,0.49671,2,1,0,2,5,0.69642,1,3,5,0,0,170.35,36
366,0,0.46333,3,1,0,3,5,0.70799,0,0,5,0,0,171.06,37
367,0,0,1,1,0,0,0,0,0,1,5,1,0,171.06,38
368,0,0.53158,2,1,0,2,4,0.12368,0,1,5,0,0,171.19,39
369,0.59803,0,1,1,1,2,0,0,0,2,5,0,1,171.19,40
370,0,0.59437,2,1,0,2,4,0.61227,0,2,4,0,0,171.8,0
371,0,0.49121,2,1,0,2,4,0.89451,0,3,4,0,0,172.69,1
372,0.47236,0.041396,1,1,1,2,4,0.69858,0,4,4,0,0,173.39,2
373,0.40494,0.015515,1,1,1,2,4,0.42096,0,5,4,0,0,173.81,3
374,0.39436,0.003277,1,1,2,3,4,0.55895,1,0,4,0,0,174.37,4
375,0.4741,0.031128,1,1,2,3,4,0.98609,1,1,4,0,0,175.36,5
376,0,0.63981,2,1,0,2,5,0.16292,1,2,4,0,0,175.52,6
377,0,0,1,1,0,0,0,0,0,0,4,1,0,175.52,7
378,0.56947,0.59363,1,1,2,3,5,0.14036,0,0,4,0,0,175.66,8
379,0.44437,0.051267,1,1,1,2,4,0.73366,0,1,4,0,0,176.39,9
380,0.47129,0.23409,1,1,1,2,4,0.48336,0,2,4,0,0,176.88,10
381,0,0.56177,3,1,0,3,5,0.19954,0,3,4,0,0,177.08,11
382,0,0,1,1,0,0,0,0,1,0,4,1,0,177.08,12
383,0,0.58487,2,1,0,2,5,0.063696,1,0,4,0,0,177.14,13
384,0,0.50613,2,1,0,2,5,0.091516,1,1,4,0,0,177.23,14
385,0,0.61945,2,1,0,2,5,0.11542,1,2,4,0,0,177.35,15
386,0,0.66239,3,1,0,3,4,0.87564,1,3,4,0,0,178.22,16
387,0.43537,0.003235,1,1,2,3,4,0.75929,1,4,4,0,0,178.98,17
388,0.49027,0.003304,1,1,2,3,5,0.55927,0,0,4,0,0,179.54,18
389,0,0.48421,3,1,0,3,5,0.59458,0,1,4,0,0,180.14,19
390,0.6114,0,1,1,1,2,0,0,0,2,4,0,1,180.14,20
391,0,0.55696,2,1,0,2,4,0.8215,0,2,4,0,0,180.96,21
392,0,0.64829,3,1,0,3,4,0.53095,1,0,4,0,0,181.49,22
393,0,0.61925,3,1,0,3,4,0.93117,1,1,4,0,0,182.42,23
394,0,0.45208,3,1,0,3,4,0.9297,1,2,4,0,0,183.35,24
395,0.49135,0.006414,1,1,2,3,4,0.93971,1,3,4,0,0,184.29,25
396,0,0,2,1,0,2,0,0,0,0,4,1,0,184.29,26
397,0.59239,0.4406,1,1,1,2,4,0.98838,0,0,4,0,0,185.28,27
398,0.4263,0.003293,1,1,1,2,4,0.82075,0,1,4,0,0,186.1,28
399,0.36306,0.016522,1,1,1,2,4,0.74748,0,2,4,0,0,186.85,29
400,0,0.58323,3,1,0,3,5,0.3961,0,3,4,0,0,187.24,30
401,0.73957,0,1,1,1,2,0,0,0,4,4,0,1,187.24,31
402,0.68495,0.096847,1,1,1,2,4,0.69283,0,4,4,0,0,187.94,32
403,0,0.68267,2,1,0,2,4,0.64319,0,5,4,0,0,188.58,33
404,0,0.52915,3,1,0,3,4,0.44245,1,0,4,0,0,189.02,34
405,0.38362,0.025018,1,1,1,2,5,0.31825,1,1,4,0,0,189.34,35
406,0,0.5873,3,1,0,3,4,0.4735,1,2,4,0,0,189.81,36
407,0.43398,0.045466,1,1,2,3,4,0.59746,1,3,4,0,0,190.41,37
408,0.42146,0.015708,1,1,2,3,4,0.51242,1,4,4,0,0,190.92,38
409,0.37711,0.012638,1,1,2,3,4,0.68041,1,5,4,0,0,191.6,39
410,0,0,2,1,0,2,0,0,1,6,4,1,0,191.6,40
411,0,0.54374,3,1,0,3,4,0.43421,1,6,5,0,0,192.04,0
412,0.34396,0.058476,1,1,1,2,5,0.83938,1,7,5,0,0,192.88,1
413,0.35995,0.006418,1,1,1,2,5,0.8657,1,8,5,0,0,193.74,2
414,0,0.46006,3,1,0,3,4,0.25317,1,9,5,0,0,194,3
415,0.48749,0.003211,1,1,1,2,5,0.64988,1,10,5,0,0,194.65,4
416,0,0.69176,2,1,0,2,5,0.56919,1,11,5,0,0,195.21,5
417,0.38014,0.003276,1,1,1,2,5,0.69732,1,12,5,0,0,195.91,6
418,0,0.33514,2,1,0,2,4,0.25751,0,0,5,0,0,196.17,7
419,0,0.45997,2,1,0,2,4,0.12173,0,1,5,0,0,196.29,8
420,0,0,3,1,0,3,0,0,0,2,5,0,1,196.29,9
421,0,0.50198,3,1,0,3,5,0.71554,0,2,5,0,0,197.01,10
422,0,0.55151,2,1,0,2,4,0.21853,0,3,5,0,0,197.23,11
423,0.56249,0.061526,1,1,2,3,5,0.98417,0,4,5,0,0,198.21,12
424,0,0.55094,3,1,0,3,5,0.84147,0,5,5,0,0,199.05,13
425,0,0.53633,3,1,0,3,5,0.83624,0,6,5,0,0,199.89,14
426,0,0.40877,3,1,0,3,5,0.7496,0,7,5,0,0,200.64,15
427,0,0.56103,2,1,0,2,4,0.12263,0,8,5,0,0,200.76,16
428,0.37784,0.003262,1,1,2,3,5,0.89602,0,9,5,0,0,201.66,17
429,0.40018,0.086023,1,1,2,3,5,0.8668,0,10,5,0,0,202.52,18
430,0,0.72808,2,1,0,2,4,0.10811,0,11,5,0,0,202.63,19
431,0.5345,0.003334,1,1,2,3,5,0.77704,0,12,5,0,0,203.41,20
432,0,0.56573,2,1,0,2,5,0.48646,1,0,5,0,0,203.89,21
433,0.51939,0.00321,1,1,2,3,4,0.29904,1,1,5,0,0,204.19,22
434,0.46223,0.016095,1,1,1,2,5,0.93516,1,2,5,0,0,205.13,23
435,0,0.63385,3,1,0,3,4,0.078981,1,3,5,0,0,205.21,24
436,0,0.64258,2,1,0,2,5,0.87773,1,4,5,0,0,206.08,25
437,0.4768,0.003247,1,1,1,2,5,0.82049,1,5,5,0,0,206.9,26
438,0.51181,0.040679,1,1,1,2,5,0.96484,1,6,5,0,0,207.87,27
439,0.46193,0.071867,1,1,1,2,5,0.55088,1,7,5,0,0,208.42,28
440,0.55134,0.009676,1,1,1,2,5,0.28467,1,8,5,0,0,208.71,29
441,0,0.56911,3,1,0,3,4,0.57428,1,9,5,0,0,209.28,30
442,0,0.63273,2,1,0,2,5,0.79931,1,10,5,0,0,210.08,31
443,0,0.52314,3,1,0,3,4,0.38059,1,11,5,0,0,210.46,32
444,0,0.50425,3,1,0,3,4,0.094853,1,12,5,0,0,210.55,33
445,0.36887,0.003247,1,1,1,2,5,0.93745,1,13,5,0,0,211.49,34
446,0,0.54904,3,1,0,3,5,0.80734,0,0,5,0,0,212.3,35
447,0.39321,0.003259,1,1,2,3,5,0.99885,0,1,5,0,0,213.3,36
448,0,0.68282,2,1,0,2,4,0.18985,0,2,5,0,0,213.49,37
449,0.38804,0.003269,1,1,2,3,5,0.84335,0,3,5,0,0,214.33,38
450,0.60772,0.042549,1,1,2,3,5,0.66253,0,4,5,0,0,214.99,39
451,0,0.58408,2,1,0,2,4,0.051392,0,5,5,0,0,215.05,40
452,0,0.49319,2,1,0,2,4,0.95998,0,6,4,0,0,216.01,0
453,0,0.59536,3,1,0,3,5,0.21115,0,7,4,0,0,216.22,1
454,0.46708,0.080769,1,1,1,2,4,0.98875,0,8,4,0,0,217.21,2
455,0.66245,0.07203,1,1,1,2,4,0.91627,0,9,4,0,0,218.12,3
456,0,0.66263,3,1,0,3,5,0.078135,0,10,4,0,0,218.2,4
457,0,0.45928,3,1,0,3,5,0.27857,0,11,4,0,0,218.48,5
458,0,0.63819,2,1,0,2,5,0.12785,1,0,4,0,0,218.61,6
459,0,0.61604,3,1,0,3,4,0.92636,1,1,4,0,0,219.53,7
460,0,0.50384,3,1,0,3,4,0.97254,1,2,4,0,0,220.5,8
461,0,0.50729,3,1,0,3,4,0.84965,1,3,4,0,0,221.35,9
462,0,0.57436,2,1,0,2,5,0.041651,1,4,4,0,0,221.4,10
463,0.6104,0.012735,1,1,2,3,4,0.97859,1,5,4,0,0,222.37,11
464,0,0.60266,3,1,0,3,4,0.91243,1,6,4,0,0,223.29,12
465,0.44991,0.003209,1,1,2,3,4,0.61717,1,7,4,0,0,223.9,13
466,0,0.56497,3,1,0,3,4,0.37795,1,8,4,0,0,224.28,14
467,0.35873,0.003237,1,1,1,2,5,0.73397,1,9,4,0,0,225.02,15
468,0.47755,0.006422,1,1,1,2,5,0.32284,1,10,4,0,0,225.34,16
469,0,0.49913,3,1,0,3,4,0.57688,1,11,4,0,0,225.92,17
470,0.56442,0.003256,1,1,2,3,5,0.30907,0,0,4,0,0,226.22,18
471,0,0,1,1,0,0,0,0,0,1,4,1,0,226.22,19
472,0,0.54675,3,1,0,3,5,0.1111,0,1,4,0,0,226.34,20
473,0.47399,0.003246,1,1,1,2,4,0.86356,0,2,4,0,0,227.2,21
474,0,0.53136,3,1,0,3,5,0.079491,0,3,4,0,0,227.28,22
475,0,0,3,1,0,3,0,0,0,4,4,1,0,227.28,23
476,0,0.47056,3,1,0,3,5,0.20337,0,4,4,0,0,227.48,24
477,0.49778,0.003344,1,1,1,2,4,0.80837,0,5,4,0,0,228.29,25
478,0,0.49194,3,1,0,3,5,0.21523,0,6,4,0,0,228.51,26
479,0,0,2,1,0,2,0,0,0,7,4,0,1,228.51,27
480,0,0.68199,3,1,0,3,5,0.17415,0,7,4,0,0,228.68,28
481,0,0.60983,3,1,0,3,5,0.074279,0,8,4,0,0,228.75,29
482,0,0.48927,3,1,0,3,5,0.032805,0,9,4,0,0,228.79,30
483,0.67851,0.059039,1,1,2,3,5,0.11542,0,10,4,0,0,228.9,31
484,0.40838,0.028356,1,1,1,2,5,0.020129,1,0,4,0,0,228.92,32
485,0,0.5132,3,1,0,3,4,0.77498,1,1,4,0,0,229.7,33
486,0,0.59736,2,1,0,2,5,0.075257,1,2,4,0,0,229.77,34
487,0,0.48041,3,1,0,3,4,0.98815,1,3,4,0,0,230.76,35
488,0,0.52065,3,1,0,3,4,0.79719,1,4,4,0,0,231.56,36
489,0.40516,0.003293,1,1,2,3,4,0.72975,1,5,4,0,0,232.29,37
490,0.41099,0.040645,1,1,2,3,4,0.5843,1,6,4,0,0,232.87,38
491,0.4171,0.1356,1,1,2,3,4,0.65725,1,7,4,0,0,233.53,39
492,0.40536,0.00319,1,1,2,3,4,0.94342,1,8,4,0,0,234.47,40
493,0.39006,0.00325,1,1,2,3,4,0.24744,1,9,5,0,0,234.72,0
494,0,0.72017,2,1,0,2,5,0.99646,1,10,5,0,0,235.72,1
495,0,0,1,1,0,0,0,0,1,11,5,1,0,235.72,2
496,0.43532,0.55154,1,1,2,3,4,0.060122,1,11,5,0,0,235.78,3
497,0,0.59607,3,1,0,3,5,0.92036,0,0,5,0,0,236.7,4
498,0,0.49487,3,1,0,3,5,0.89286,0,1,5,0,0,237.59,5
499,0,0.49402,3,1,0,3,5,0.96248,0,2,5,0,0,238.55,6
500,0,0.58138,2,1,0,2,4,0.015259,0,3,5,0,0,238.57,7
501,0,0.46331,2,1,0,2,4,0.2117,0,4,5,0,0,238.78,8
502,0,0.44769,2,1,0,2,4,0.20556,0,5,5,0,0,238.99,9
503,0.3774,0.003356,1,1,2,3,5,0.88977,0,6,5,0,0,239.88,10
504,0,0.67386,2,1,0,2,4,0.14752,0,7,5,0,0,240.02,11
505,0.44422,0.11462,1,1,2,3,5,0.98757,0,8,5,0,0,241.01,12
506,0.39075,0.093588,1,1,2,3,5,0.85781,0,9,5,0,0,241.87,13
507,0,0,1,1,0,0,0,0,0,10,5,1,0,241.87,14
508,0,0.60835,3,1,0,3,5,0.96674,0,10,5,0,0,242.83,15
509,0,0.57585,2,1,0,2,4,0.13759,0,11,5,0,0,242.97,16
510,0,0.62635,2,1,0,2,4,0.29835,0,12,5,0,0,243.27,17
511,0,0.52934,2,1,0,2,4,0.21921,0,13,5,0,0,243.49,18
512,0,0.51818,3,1,0,3,4,0.089502,1,0,5,0,0,243.58,19
513,0.63005,0.00319,1,1,2,3,4,0.012945,1,1,5,0,0,243.59,20
514,0.53952,0.064638,1,1,2,3,4,0.3357,1,2,5,0,0,243.93,21
515,0,0.64865,2,1,0,2,5,0.96027,1,3,5,0,0,244.89,22
516,0.53031,0.42743,1,1,1,2,5,0.83047,1,4,5,0,0,245.72,23
517,0.38022,0.11422,1,1,1,2,5,0.91163,1,5,5,0,0,246.63,24
518,0,0.74745,2,1,0,2,5,0.86562,1,6,5,0,0,247.5,25
519,0,0.65687,2,1,0,2,5,0.9178,1,7,5,0,0,248.41,26
520,0,0,2,1,0,2,0,0,1,8,5,1,0,248.41,27
521,0,0.68255,3,1,0,3,4,0.25097,1,8,5,0,0,248.66,28
522,0,0,2,1,0,2,0,0,1,9,5,1,0,248.66,29
523,0,0.34239,2,1,0,2,5,0.97749,1,9,5,0,0,249.64,30
524,0.58134,0.009339,1,1,1,2,5,0.54933,1,10,5,0,0,250.19,31
525,0,0.52459,2,1,0,2,5,0.55242,1,11,5,0,0,250.74,32
526,0,0,1,1,0,0,0,0,1,12,5,1,0,250.74,33
527,0.53219,0.003379,1,1,1,2,5,0.90048,1,12,5,0,0,251.64,34
528,0,0.60158,3,1,0,3,5,0.98231,0,0,5,0,0,252.63,35
529,0,0.54796,3,1,0,3,5,0.91631,0,1,5,0,0,253.54,36
530,0,0.51572,3,1,0,3,5,0.92683,0,2,5,0,0,254.47,37
531,0,0.39259,3,1,0,3,5,0.96023,0,3,5,0,0,255.43,38
532,0.61762,0.12713,1,1,1,2,4,0.056869,0,4,5,0,0,255.49,39
533,0,0,1,1,0,0,0,0,0,5,5,1,0,255.49,40
534,0.50278,0.055331,1,1,2,3,5,0.049818,0,5,4,0,0,255.54,0
535,0,0.50841,3,1,0,3,5,0.061171,0,6,4,0,0,255.6,1
536,0,0.43024,2,1,0,2,4,0.72721,0,7,4,0,0,256.33,2
537,0.43582,0.009471,1,1,1,2,4,0.62415,0,8,4,0,0,256.95,3
538,0,0.59651,2,1,0,2,4,0.89087,0,9,4,0,0,257.84,4
539,0.59322,0.009529,1,1,1,2,4,0.95076,0,10,4,0,0,258.79,5
540,0,0.64556,2,1,0,2,4,0.98176,0,11,4,0,0,259.77,6
541,0,0.51792,2,1,0,2,4,0.98462,0,12,4,0,0,260.76,7
542,0.42934,0.003203,1,1,1,2,5,0.037551,1,0,4,0,0,260.8,8
543,0,0.59196,2,1,0,2,5,0.25923,1,1,4,0,0,261.05,9
544,0.60032,0.00329,1,1,1,2,5,0.36621,1,2,4,0,0,261.42,10
545,0,0.58731,3,1,0,3,4,0.87103,1,3,4,0,0,262.29,11
546,0.55176,0.038214,1,1,2,3,4,0.80423,1,4,4,0,0,263.1,12
547,0,0.53133,3,1,0,3,4,0.97057,1,5,4,0,0,264.07,13
548,0,0.58541,2,1,0,2,5,0.24066,1,6,4,0,0,264.31,14
549,0,0.61985,2,1,0,2,5,0.13793,1,7,4,0,0,264.44,15
550,0.57543,0.22299,1,1,1,2,5,0.18418,1,8,4,0,0,264.63,16
551,0.36529,0.003311,1,1,2,3,4,0.8119,1,9,4,0,0,265.44,17
552,0.394,0.08222,1,1,2,3,4,0.71467,1,10,4,0,0,266.16,18
553,0.44273,0.003296,1,1,2,3,5,0.14537,0,0,4,0,0,266.3,19
554,0,0.54198,3,1,0,3,5,0.073103,0,1,4,0,0,266.37,20
555,0.57359,0.14588,1,1,1,2,4,0.73746,0,2,4,0,0,267.11,21
556,0.31013,0.16458,1,1,1,2,4,0.76772,0,3,4,0,0,267.88,22
557,0.41597,0.10437,1,1,1,2,4,0.81305,0,4,4,0,0,268.69,23
558,0.47188,0.078499,1,1,1,2,4,0.61988,0,5,4,0,0,269.31,24
559,0,0.59814,2,1,0,2,4,0.94702,0,6,4,0,0,270.26,25
560,0,0.47173,3,1,0,3,5,0.33631,0,7,4,0,0,270.6,26
561,0,0.44368,2,1,0,2,4,0.89811,0,8,4,0,0,271.49,27
562,0.48647,0.006545,1,1,1,2,4,0.98915,0,9,4,0,0,272.48,28
563,0,0.62871,3,1,0,3,5,0.035165,0,10,4,0,0,272.52,29
564,0,0.48846,3,1,0,3,5,0.026986,0,11,4,0,0,272.55,30
565,0.40399,0.00322,1,1,1,2,4,0.97792,0,12,4,0,0,273.52,31
566,0.42892,0.003228,1,1,1,2,4,0.81519,0,13,4,0,0,274.34,32
567,0.43962,0.012737,1,1,1,2,5,0.20432,1,0,4,0,0,274.54,33
568,0.37777,0.003287,1,1,2,3,4,0.93227,1,1,4,0,0,275.47,34
569,0.38709,0.003223,1,1,2,3,4,0.93882,1,2,4,0,0,276.41,35
570,0.48417,0.003221,1,1,2,3,4,0.8111,1,3,4,0,0,277.22,36
571,0.45802,0.003265,1,1,2,3,4,0.96495,1,4,4,0,0,278.19,37
572,0.35504,0.00323,1,1,2,3,4,0.84488,1,5,4,0,0,279.03,38
573,0,0.59264,2,1,0,2,5,0.15865,1,6,4,0,0,279.19,39
574,0,0.52824,2,1,0,2,5,0.10362,1,7,4,0,0,279.3,40
575,0,0,1,1,0,0,0,0,1,8,5,1,0,279.3,0
576,0,0,1,1,0,0,0,0,1,8,5,1,0,279.3,1
577,0,0.57295,3,1,0,3,4,0.022259,1,8,5,0,0,279.32,2
578,0,0.38986,2,1,0,2,5,0.83753,1,9,5,0,0,280.16,3
579,0.36099,0.49721,1,1,1,2,5,0.49809,1,10,5,0,0,280.65,4
580,0.37878,0.059367,1,1,1,2,4,0.60992,0,0,5,0,0,281.26,5
581,0.38095,0.00336,1,1,1,2,4,0.85684,0,1,5,0,0,282.12,6
582,0,0.52764,3,1,0,3,5,0.024573,0,2,5,0,0,282.15,7
583,0,0.58827,2,1,0,2,4,0.70499,0,3,5,0,0,282.85,8
584,0.43343,0.62485,1,1,1,2,4,0.5469,0,4,5,0,0,283.4,9
585,0.43284,0.078636,1,1,1,2,4,0.60308,0,5,5,0,0,284,10
586,0,0,2,1,0,2,0,0,0,6,5,1,0,284,11
587,0,0.60331,2,1,0,2,4,0.82688,0,6,5,0,0,284.83,12
588,0.55989,0.003259,1,1,1,2,4,0.73257,0,7,5,0,0,285.56,13
589,0.4045,0.048894,1,1,1,2,4,0.98699,0,8,5,0,0,286.55,14
590,0,0.57374,3,1,0,3,5,0.24436,0,9,5,0,0,286.79,15
591,0.69603,0.003231,1,1,1,2,4,0.6236,0,10,5,0,0,287.42,16
592,0.42395,0.003197,1,1,1,2,4,0.54206,0,11,5,0,0,287.96,17
593,0.57706,0.12729,1,1,1,2,4,0.26161,0,12,5,0,0,288.22,18
594,0,0.63911,2,1,0,2,4,0.042463,0,13,5,0,0,288.26,19
595,0.71556,0.003255,1,1,2,3,4,0.01767,1,0,5,0,0,288.28,20
596,0.43112,0.003247,1,1,2,3,4,0.07302,1,1,5,0,0,288.35,21
597,0,0.57179,2,1,0,2,5,0.84239,1,2,5,0,0,289.19,22
598,0.47986,0.003266,1,1,1,2,5,0.93946,1,3,5,0,0,290.13,23
599,0,0.45338,2,1,0,2,5,0.92682,1,4,5,0,0,291.06,24
600,0,0,1,1,0,0,0,0,1,5,5,1,0,291.06,25
