1,0.63471,0.42625,1,1,2,3,5,0.5,0,0,5,0,0,0.5,0
2,0,0.6798,3,1,0,3,5,0.76623,0,1,5,0,0,1.2662,1
3,0,0.63529,2,1,0,2,4,0.52225,0,2,5,0,0,1.7885,2
4,0.6794,0.24825,1,1,2,3,5,0.16389,0,3,5,0,0,1.9524,3
5,0,0,3,1,0,3,0,0,1,0,5,1,0,1.9524,4
6,0,0.55434,2,1,0,2,5,0.29018,1,0,5,0,0,2.2426,5
7,0.38096,0.35183,1,1,1,2,5,0.52248,1,1,5,0,0,2.765,6
8,0,0.57911,3,1,0,3,4,0.19212,1,2,5,0,0,2.9572,7
9,0,0.50228,2,1,0,2,5,0.81964,1,3,5,0,0,3.7768,8
10,0,0.62784,3,1,0,3,4,0.01023,1,4,5,0,0,3.787,9
11,0.69773,0.4081,1,1,1,2,5,0.71504,1,5,5,0,0,4.5021,10
12,0,0.61244,3,1,0,3,5,0.76412,0,0,5,0,0,5.2662,11
13,0,0,1,1,0,0,0,0,0,1,5,1,0,5.2662,12
14,0.45254,0.43766,1,1,1,2,4,0.26651,0,1,5,0,0,5.5327,13
15,0,0.52763,2,1,0,2,4,0.3195,0,2,5,0,0,5.8522,14
16,0.43043,0.363,1,1,1,2,4,0.26372,0,3,5,0,0,6.1159,15
17,0,0.55928,2,1,0,2,5,0.91369,1,0,5,0,0,7.0296,16
18,0,0.38041,2,1,0,2,5,0.8777,1,1,5,0,0,7.9073,17
19,0.62815,0,1,1,1,2,0,0,1,2,5,0,1,7.9073,18
20,0,0,1,1,0,0,0,0,1,2,5,1,0,7.9073,19
21,0,0.56012,2,1,0,2,5,0.74009,1,2,5,0,0,8.6474,20
22,0.52145,0.34068,1,1,1,2,4,0.35068,0,0,5,0,0,8.9981,21
23,0,0,1,1,0,0,0,0,0,1,5,1,0,8.9981,22
24,0,0.59682,3,1,0,3,5,0.61281,0,1,5,0,0,9.6109,23
25,0.46693,0.33355,1,1,1,2,4,0.24137,0,2,5,0,0,9.8523,24
26,0,0,3,1,0,3,0,0,1,0,5,1,0,9.8523,25
27,0,0,1,1,0,0,0,0,1,0,5,1,0,9.8523,26
28,0,0,3,1,0,3,0,0,1,0,5,0,1,9.8523,27
29,0.47258,0.33916,1,1,1,2,5,0.55576,1,0,5,0,0,10.408,28
30,0.60953,0,1,1,1,2,0,0,1,1,5,0,1,10.408,29
31,0.45226,0.28471,1,1,1,2,5,0.83763,1,1,5,0,0,11.246,30
32,0,0.43806,3,1,0,3,4,0.066979,1,2,5,0,0,11.313,31
33,0.4842,0.32212,1,1,1,2,5,0.98683,1,3,5,0,0,12.299,32
34,0.38196,0.33776,1,1,1,2,5,0.98001,1,4,5,0,0,13.279,33
35,0.38827,0.42866,1,1,1,2,4,0.23107,0,0,5,0,0,13.511,34
36,0.34694,0.31755,1,1,2,3,5,0.79802,0,1,5,0,0,14.309,35
37,0,0,1,1,0,0,0,0,0,2,5,1,0,14.309,36
38,0,0.59226,2,1,0,2,4,0.062249,0,2,5,0,0,14.371,37
39,0,0.63671,3,1,0,3,5,0.99421,0,3,5,0,0,15.365,38
40,0.49608,0.38267,1,1,1,2,4,0.027956,0,4,5,0,0,15.393,39
41,0,0.71321,2,1,0,2,4,0.08935,0,5,5,0,0,15.482,40
42,0,0.62066,3,1,0,3,4,0.23323,1,0,5,0,0,15.716,41
43,0,0.51631,3,1,0,3,4,0.95521,1,1,4,0,0,16.671,0
44,0,0.58352,2,1,0,2,5,0.059251,1,2,4,0,0,16.73,1
45,0.58065,0.37954,1,1,2,3,5,0.090182,0,0,4,0,0,16.82,2
46,0,0.65434,3,1,0,3,5,0.30735,0,1,4,0,0,17.128,3
47,0,0.63841,3,1,0,3,5,0.22051,0,2,4,0,0,17.348,4
48,0,0.64628,2,1,0,2,5,0.2777,1,0,4,0,0,17.626,5
49,0.46015,0.36573,1,1,2,3,4,0.69712,1,1,4,0,0,18.323,6
50,0,0,1,1,0,0,0,0,1,2,4,1,0,18.323,7
51,0.46052,0.35591,1,1,2,3,4,0.94945,1,2,4,0,0,19.272,8
52,0,0.5698,2,1,0,2,5,0.014551,1,3,4,0,0,19.287,9
53,0,0,3,1,0,3,0,0,1,4,4,0,1,19.287,10
54,0,0.63954,3,1,0,3,4,0.89855,1,4,4,0,0,20.185,11
55,0,0.41158,3,1,0,3,4,0.70878,1,5,4,0,0,20.894,12
56,0,0.45005,3,1,0,3,5,0.0197,0,0,4,0,0,20.914,13
57,0,0,1,1,0,0,0,0,0,1,4,1,0,20.914,14
58,0.42637,0.26102,1,1,2,3,5,0.22038,0,1,4,0,0,21.134,15
59,0,0.56986,2,1,0,2,4,0.84022,0,2,4,0,0,21.975,16
60,0,0.53532,3,1,0,3,5,0.067768,0,3,4,0,0,22.042,17
61,0,0,2,1,0,2,0,0,0,4,4,0,1,22.042,18
62,0.59395,0.38914,1,1,2,3,5,0.19541,0,4,4,0,0,22.238,19
63,0.55806,0.27522,1,1,2,3,4,0.98569,1,0,4,0,0,23.223,20
64,0,0,1,1,0,0,0,0,1,1,4,1,0,23.223,21
65,0.40653,0.30034,1,1,1,2,5,0.032234,1,1,4,0,0,23.256,22
66,0,0.60662,2,1,0,2,5,0.026859,1,2,4,0,0,23.282,23
67,0.60586,0.2245,1,1,2,3,4,0.68594,1,3,4,0,0,23.968,24
68,0.51287,0.44816,1,1,2,3,4,0.57053,1,4,4,0,0,24.539,25
69,0,0,3,1,0,3,0,0,0,0,4,1,0,24.539,26
70,0.5676,0.25735,1,1,2,3,5,0.33731,0,0,4,0,0,24.876,27
71,0.66404,0.26365,1,1,2,3,5,0.25267,0,1,4,0,0,25.129,28
72,0.40563,0.29921,1,1,2,3,5,0.313,0,2,4,0,0,25.442,29
73,0,0.5872,2,1,0,2,4,0.9165,0,3,4,0,0,26.358,30
74,0,0.64593,3,1,0,3,4,0.91612,1,0,4,0,0,27.275,31
75,0,0.61408,3,1,0,3,4,0.98111,1,1,4,0,0,28.256,32
76,0.70349,0.64941,1,1,1,2,5,0.27328,1,2,4,0,0,28.529,33
77,0,0.61953,3,1,0,3,4,0.68029,1,3,4,0,0,29.209,34
78,0.51077,0.13318,1,1,2,3,5,0.047208,0,0,4,0,0,29.256,35
79,0,0.53904,3,1,0,3,5,0.12095,0,1,4,0,0,29.377,36
80,0,0.49556,2,1,0,2,4,0.90377,0,2,4,0,0,30.281,37
81,0.39432,0.29184,1,1,1,2,4,0.85517,0,3,4,0,0,31.136,38
82,0,0.48026,2,1,0,2,5,0.12298,1,0,4,0,0,31.259,39
83,0,0.48582,2,1,0,2,5,0.18895,1,1,4,0,0,31.448,40
84,0,0,1,1,0,0,0,0,1,2,4,1,0,31.448,41
85,0.46256,0.26397,1,1,1,2,5,0.66212,1,2,5,0,0,32.11,0
86,0.52802,0.3082,1,1,1,2,5,0.69347,1,3,5,0,0,32.804,1
87,0,0.66357,3,1,0,3,4,0.076263,1,4,5,0,0,32.88,2
88,0,0.49047,2,1,0,2,5,0.99912,1,5,5,0,0,33.879,3
89,0.45263,0.15355,1,1,1,2,4,0.04827,0,0,5,0,0,33.927,4
90,0.42841,0.2963,1,1,1,2,4,0.02971,0,1,5,0,0,33.957,5
91,0.6425,0.1808,1,1,2,3,5,0.99951,0,2,5,0,0,34.957,6
92,0,0.55126,3,1,0,3,4,0.20047,1,0,5,0,0,35.157,7
93,0.43379,0.084037,1,1,1,2,5,0.93355,1,1,5,0,0,36.091,8
94,0.45367,0.33494,1,1,2,3,4,0.14978,1,2,5,0,0,36.24,9
95,0.56006,0.19797,1,1,2,3,4,0.37064,1,3,5,0,0,36.611,10
96,0,0.56283,3,1,0,3,5,0.55122,0,0,5,0,0,37.162,11
97,0,0.56672,3,1,0,3,5,0.48255,0,1,5,0,0,37.645,12
98,0,0.37898,3,1,0,3,5,0.54583,0,2,5,0,0,38.191,13
99,0.51944,0.13642,1,1,1,2,5,0.66214,1,0,5,0,0,38.853,14
100,0,0.65882,2,1,0,2,5,0.76843,1,1,5,0,0,39.621,15
101,0,0.5126,3,1,0,3,4,0.003715,1,2,5,0,0,39.625,16
102,0.58485,0.59854,1,1,1,2,5,0.88963,1,3,5,0,0,40.515,17
103,0,0.48509,3,1,0,3,5,0.57384,0,0,5,0,0,41.089,18
104,0.48937,0.071868,1,1,2,3,5,0.90423,0,1,5,0,0,41.993,19
105,0,0,2,1,0,2,0,0,0,2,5,0,1,41.993,20
106,0.50911,0.098728,1,1,2,3,5,0.85045,0,2,5,0,0,42.843,21
107,0.45317,0.14548,1,1,1,2,4,0.01339,0,3,5,0,0,42.857,22
108,0,0,2,1,0,2,0,0,0,4,5,0,1,42.857,23
109,0,0.55709,2,1,0,2,4,0.22648,0,4,5,0,0,43.083,24
110,0,0,3,1,0,3,0,0,1,0,5,1,0,43.083,25
111,0,0.48238,3,1,0,3,4,0.2167,1,0,5,0,0,43.3,26
112,0,0.40852,3,1,0,3,4,0.094764,1,1,5,0,0,43.395,27
113,0,0,1,1,0,0,0,0,1,2,5,1,0,43.395,28
114,0.66676,0.32556,1,1,2,3,4,0.027926,1,2,5,0,0,43.422,29
115,0.37731,0.16022,1,1,1,2,5,0.91345,1,3,5,0,0,44.336,30
116,0,0,2,1,0,2,0,0,0,0,5,0,1,44.336,31
117,0.52935,0.1053,1,1,1,2,4,0.19508,0,0,5,0,0,44.531,32
118,0,0,1,1,0,0,0,0,0,1,5,1,0,44.531,33
119,0.45788,0.28402,1,1,1,2,4,0.13301,0,1,5,0,0,44.664,34
120,0,0,3,1,0,3,0,0,0,2,5,0,1,44.664,35
121,0.34239,0.25177,1,1,2,3,5,0.66161,0,2,5,0,0,45.326,36
122,0,0.41779,3,1,0,3,5,0.95432,0,3,5,0,0,46.28,37
123,0.65071,0.21712,1,1,1,2,4,0.011098,0,4,5,0,0,46.291,38
124,0,0.51054,2,1,0,2,4,0.18883,0,5,5,0,0,46.48,39
125,0,0,2,1,0,2,0,0,1,0,5,0,1,46.48,40
126,0,0.50998,3,1,0,3,4,0.20461,1,0,5,0,0,46.684,41
127,0.65525,0.090804,1,1,2,3,4,0.94256,1,1,4,0,0,47.627,0
128,0,0,1,1,0,0,0,0,1,2,4,1,0,47.627,1
129,0.6522,0.057713,1,1,2,3,4,0.87349,1,2,4,0,0,48.501,2
130,0,0,2,1,0,2,0,0,1,3,4,0,1,48.501,3
131,0,0,2,1,0,2,0,0,1,3,4,0,1,48.501,4
132,0,0.45083,3,1,0,3,4,0.93267,1,3,4,0,0,49.433,5
133,0.55583,0.12228,1,1,1,2,5,0.19385,1,4,4,0,0,49.627,6
134,0.40983,0.15463,1,1,2,3,4,0.99875,1,5,4,0,0,50.626,7
135,0,0.57186,3,1,0,3,5,0.11419,0,0,4,0,0,50.74,8
136,0.57763,0.27772,1,1,2,3,5,0.047472,0,1,4,0,0,50.787,9
137,0,0.57215,2,1,0,2,4,0.90123,0,2,4,0,0,51.689,10
138,0,0.52736,3,1,0,3,5,0.22107,0,3,4,0,0,51.91,11
139,0,0.55671,3,1,0,3,5,0.001557,0,4,4,0,0,51.911,12
140,0,0.40493,2,1,0,2,5,0.039463,1,0,4,0,0,51.951,13
141,0,0.41881,2,1,0,2,5,0.26872,1,1,4,0,0,52.22,14
142,0,0.43637,3,1,0,3,4,0.45568,1,2,4,0,0,52.675,15
143,0.62227,0.10373,1,1,2,3,4,0.3703,1,3,4,0,0,53.045,16
144,0.67836,0.14002,1,1,1,2,5,0.67781,1,4,4,0,0,53.723,17
145,0,0.58999,2,1,0,2,5,0.76242,1,5,4,0,0,54.486,18
146,0.56536,0.26855,1,1,2,3,5,0.9575,0,0,4,0,0,55.443,19
147,0,0,1,1,0,0,0,0,0,1,4,1,0,55.443,20
148,0.45018,0.34315,1,1,2,3,5,0.91869,0,1,4,0,0,56.362,21
149,0,0,1,1,0,0,0,0,0,2,4,1,0,56.362,22
150,0.51583,0.1603,1,1,1,2,4,0.56076,0,2,4,0,0,56.923,23
151,0.5188,0.095738,1,1,2,3,4,0.71032,1,0,4,0,0,57.633,24
152,0.40159,0.13599,1,1,2,3,4,0.87894,1,1,4,0,0,58.512,25
153,0,0.50108,2,1,0,2,5,0.046692,1,2,4,0,0,58.559,26
154,0,0.40311,3,1,0,3,5,0.19323,0,0,4,0,0,58.752,27
155,0.57114,0.14335,1,1,2,3,5,0.051991,0,1,4,0,0,58.804,28
156,0,0.53348,2,1,0,2,4,0.77255,0,2,4,0,0,59.576,29
157,0.35685,0.30968,1,1,2,3,5,0.044186,0,3,4,0,0,59.621,30
158,0,0.51516,3,1,0,3,5,0.12397,0,4,4,0,0,59.745,31
159,0,0.43818,2,1,0,2,4,0.55413,0,5,4,0,0,60.299,32
160,0,0.43622,2,1,0,2,5,0.39787,1,0,4,0,0,60.697,33
161,0.51307,0.021635,1,1,1,2,5,0.51219,1,1,4,0,0,61.209,34
162,0.44845,0.13296,1,1,1,2,5,0.48942,1,2,4,0,0,61.698,35
163,0,0.53755,3,1,0,3,4,0.72415,1,3,4,0,0,62.422,36
164,0,0.49095,3,1,0,3,5,0.098238,0,0,4,0,0,62.521,37
165,0.46098,0,1,1,1,2,0,0,0,1,4,0,1,62.521,38
166,0.37744,0.071865,1,1,1,2,4,0.97449,0,1,4,0,0,63.495,39
167,0,0.50801,2,1,0,2,4,0.86681,0,2,4,0,0,64.362,40
168,0,0.40291,3,1,0,3,5,0.057433,0,3,4,0,0,64.419,41
169,0,0.48589,3,1,0,3,5,0.94101,0,4,5,0,0,65.36,0
170,0,0.64082,3,1,0,3,5,0.97821,0,5,5,0,0,66.338,1
171,0.57867,0.01038,1,1,1,2,5,0.94919,1,0,5,0,0,67.288,2
172,0.57142,0.32161,1,1,1,2,5,0.90866,1,1,5,0,0,68.196,3
173,0.36795,0.094927,1,1,1,2,5,0.82439,1,2,5,0,0,69.021,4
174,0,0,2,1,0,2,0,0,1,3,5,0,1,69.021,5
175,0,0.44681,2,1,0,2,5,0.90944,1,3,5,0,0,69.93,6
176,0.49781,0.25522,1,1,1,2,4,0.11909,0,0,5,0,0,70.049,7
177,0,0.50658,2,1,0,2,4,0.014473,0,1,5,0,0,70.064,8
178,0,0.60324,3,1,0,3,5,0.91148,0,2,5,0,0,70.975,9
179,0,0.59213,3,1,0,3,5,0.75494,0,3,5,0,0,71.73,10
180,0.40601,0.26844,1,1,2,3,5,0.68536,0,4,5,0,0,72.416,11
181,0,0,2,1,0,2,0,0,1,0,5,1,0,72.416,12
182,0,0.3994,3,1,0,3,4,0.28588,1,0,5,0,0,72.701,13
183,0,0.43228,2,1,0,2,5,0.78187,1,1,5,0,0,73.483,14
184,0.39414,0.10888,1,1,2,3,4,0.14173,1,2,5,0,0,73.625,15
185,0.46651,0.088478,1,1,1,2,5,0.73608,1,3,5,0,0,74.361,16
186,0,0,3,1,0,3,0,0,0,0,5,0,1,74.361,17
187,0,0,1,1,0,0,0,0,0,0,5,1,0,74.361,18
188,0,0.42779,3,1,0,3,5,0.95332,0,0,5,0,0,75.314,19
189,0.41217,0.068388,1,1,1,2,4,0.075975,0,1,5,0,0,75.39,20
190,0.35823,0.049299,1,1,1,2,4,0.16663,0,2,5,0,0,75.557,21
191,0.43939,0.052019,1,1,2,3,5,0.81418,0,3,5,0,0,76.371,22
192,0.38888,0.0955,1,1,2,3,5,0.9296,0,4,5,0,0,77.301,23
193,0,0.53356,3,1,0,3,4,0.16213,1,0,5,0,0,77.463,24
194,0.39225,0.08157,1,1,2,3,4,0.071556,1,1,5,0,0,77.534,25
195,0,0.55504,3,1,0,3,4,0.56796,1,2,5,0,0,78.102,26
196,0.40504,0.056989,1,1,1,2,4,0.63536,0,0,5,0,0,78.738,27
197,0.38411,0.14698,1,1,1,2,4,0.77064,0,1,5,0,0,79.508,28
198,0,0,1,1,0,0,0,0,0,2,5,1,0,79.508,29
199,0,0,2,1,0,2,0,0,0,2,5,0,1,79.508,30
200,0,0.51248,3,1,0,3,5,0.36874,0,2,5,0,0,79.877,31
201,0.67723,0.24742,1,1,2,3,5,0.90762,0,3,5,0,0,80.785,32
202,0,0,2,1,0,2,0,0,1,0,5,0,1,80.785,33
203,0,0.40509,3,1,0,3,4,0.22059,1,0,5,0,0,81.005,34
204,0.40626,0.003193,1,1,1,2,5,0.83393,1,1,5,0,0,81.839,35
205,0,0.54464,3,1,0,3,4,0.28367,1,2,5,0,0,82.123,36
206,0,0.54495,3,1,0,3,4,0.12761,1,3,5,0,0,82.251,37
207,0,0.46918,2,1,0,2,5,0.88227,1,4,5,0,0,83.133,38
208,0,0.56413,3,1,0,3,4,0.29384,1,5,5,0,0,83.427,39
209,0.56499,0.27034,1,1,1,2,5,0.88026,1,6,5,0,0,84.307,40
210,0,0.71789,2,1,0,2,4,0.16772,0,0,5,0,0,84.475,41
211,0,0.46028,3,1,0,3,5,0.13625,0,1,4,0,0,84.611,0
212,0.44987,0.041003,1,1,1,2,4,0.91979,0,2,4,0,0,85.531,1
213,0,0.50895,3,1,0,3,5,0.20725,0,3,4,0,0,85.738,2
214,0,0,2,1,0,2,0,0,0,4,4,0,1,85.738,3
215,0,0.46504,3,1,0,3,5,0.21447,0,4,4,0,0,85.952,4
216,0.4565,0.075299,1,1,1,2,4,0.95456,0,5,4,0,0,86.907,5
217,0,0.60197,2,1,0,2,4,0.99084,0,6,4,0,0,87.898,6
218,0.70526,0.04813,1,1,1,2,4,0.90218,0,7,4,0,0,88.8,7
219,0,0.64897,2,1,0,2,5,0.018541,1,0,4,0,0,88.819,8
220,0,0.45145,3,1,0,3,4,0.97287,1,1,4,0,0,89.791,9
221,0,0,1,1,0,0,0,0,1,2,4,1,0,89.791,10
222,0,0.4568,3,1,0,3,4,0.99708,1,2,4,0,0,90.789,11
223,0.45751,0.072103,1,1,2,3,4,0.99731,1,3,4,0,0,91.786,12
224,0,0.55512,2,1,0,2,5,0.039956,1,4,4,0,0,91.826,13
225,0,0.48579,2,1,0,2,5,0.14377,1,5,4,0,0,91.97,14
226,0,0.55483,2,1,0,2,5,0.14839,1,6,4,0,0,92.118,15
227,0,0.43865,3,1,0,3,4,0.77595,1,7,4,0,0,92.894,16
228,0.40441,0.071173,1,1,2,3,5,0.35895,0,0,4,0,0,93.253,17
229,0,0.43597,2,1,0,2,4,0.93454,0,1,4,0,0,94.187,18
230,0,0.67039,3,1,0,3,5,0.071039,0,2,4,0,0,94.258,19
231,0.45061,0.34397,1,1,1,2,4,0.7578,0,3,4,0,0,95.016,20
232,0,0,2,1,0,2,0,0,0,4,4,1,0,95.016,21
233,0,0.48499,3,1,0,3,5,0.291,0,4,4,0,0,95.307,22
234,0.46032,0.003221,1,1,1,2,4,0.759,0,5,4,0,0,96.066,23
235,0,0.70313,2,1,0,2,4,0.98561,0,6,4,0,0,97.052,24
236,0.43639,0.003311,1,1,1,2,4,0.76501,0,7,4,0,0,97.817,25
237,0.39001,0.040926,1,1,1,2,5,0.12645,1,0,4,0,0,97.943,26
238,0.35541,0.0125,1,1,1,2,5,0.10701,1,1,4,0,0,98.05,27
239,0.48694,0.072478,1,1,1,2,5,0.14467,1,2,4,0,0,98.195,28
240,0,0.58034,3,1,0,3,4,0.95169,1,3,4,0,0,99.147,29
241,0.45971,0.24032,1,1,2,3,4,0.95943,1,4,4,0,0,100.11,30
242,0.34494,0.055513,1,1,2,3,4,0.7402,1,5,4,0,0,100.85,31
243,0,0.51118,3,1,0,3,4,0.81054,1,6,4,0,0,101.66,32
244,0,0.375,3,1,0,3,4,0.85183,1,7,4,0,0,102.51,33
245,0.43202,0.071767,1,1,2,3,4,0.81945,1,8,4,0,0,103.33,34
246,0,0.42813,2,1,0,2,5,0.17741,1,9,4,0,0,103.51,35
247,0,0.46462,3,1,0,3,5,0.05878,0,0,4,0,0,103.56,36
248,0,0,3,1,0,3,0,0,0,1,4,0,1,103.56,37
249,0,0.51547,2,1,0,2,4,0.7908,0,1,4,0,0,104.36,38
250,0,0.49859,3,1,0,3,5,0.42497,0,2,4,0,0,104.78,39
251,0,0,1,1,0,0,0,0,0,3,4,1,0,104.78,40
252,0,0.49023,3,1,0,3,5,0.047734,0,3,4,0,0,104.83,41
253,0,0.51265,2,1,0,2,4,0.10185,0,4,5,0,0,104.93,0
254,0,0.58048,3,1,0,3,5,0.43355,0,5,5,0,0,105.36,1
255,0,0.4619,2,1,0,2,4,0.29119,0,6,5,0,0,105.65,2
256,0.43559,0.048877,1,1,2,3,5,0.80147,0,7,5,0,0,106.46,3
257,0.40872,0.047965,1,1,2,3,4,0.087998,1,0,5,0,0,106.54,4
258,0,0,3,1,0,3,0,0,1,1,5,0,1,106.54,5
259,0.67802,0.037342,1,1,2,3,4,0.21776,1,1,5,0,0,106.76,6
260,0,0.59804,3,1,0,3,4,0.32401,1,2,5,0,0,107.09,7
261,0,0.44711,3,1,0,3,4,0.61467,1,3,5,0,0,107.7,8
262,0,0.59715,2,1,0,2,5,0.42108,1,4,5,0,0,108.12,9
263,0.57628,0.044215,1,1,1,2,5,0.61388,1,5,5,0,0,108.74,10
264,0,0.47016,2,1,0,2,5,0.95236,1,6,5,0,0,109.69,11
265,0,0.45246,2,1,0,2,5,0.8779,1,7,5,0,0,110.57,12
266,0,0.38925,3,1,0,3,4,0.20657,1,8,5,0,0,110.77,13
267,0,0.41794,2,1,0,2,5,0.75124,1,9,5,0,0,111.52,14
268,0,0.4104,2,1,0,2,4,0.22951,0,0,5,0,0,111.75,15
269,0.48509,0.003252,1,1,1,2,4,0.32539,0,1,5,0,0,112.08,16
270,0,0.4102,2,1,0,2,4,0.22958,0,2,5,0,0,112.31,17
271,0.40343,0.003183,1,1,2,3,5,0.74043,0,3,5,0,0,113.05,18
272,0,0.59247,2,1,0,2,4,0.16671,0,4,5,0,0,113.21,19
273,0.43979,0.003189,1,1,2,3,5,0.89081,0,5,5,0,0,114.11,20
274,0,0,1,1,0,0,0,0,0,6,5,1,0,114.11,21
275,0.461,0.003227,1,1,2,3,5,0.81546,0,6,5,0,0,114.92,22
276,0.52034,0.003264,1,1,2,3,5,0.6403,0,7,5,0,0,115.56,23
277,0.51681,0.048569,1,1,2,3,5,0.39735,0,8,5,0,0,115.96,24
278,0,0.53681,3,1,0,3,4,0.25818,1,0,5,0,0,116.22,25
279,0.44402,0.003227,1,1,1,2,5,0.94322,1,1,5,0,0,117.16,26
280,0,0.51654,2,1,0,2,5,0.89837,1,2,5,0,0,118.06,27
281,0,0.47023,3,1,0,3,4,0.1809,1,3,5,0,0,118.24,28
282,0.41093,0.003231,1,1,1,2,5,0.63043,1,4,5,0,0,118.87,29
283,0,0.47054,3,1,0,3,4,0.30945,1,5,5,0,0,119.18,30
284,0.50777,0.22041,1,1,1,2,5,0.82369,1,6,5,0,0,120,31
285,0.48241,0.3918,1,1,1,2,5,0.57529,1,7,5,0,0,120.58,32
286,0,0.45415,2,1,0,2,4,0.10646,0,0,5,0,0,120.68,33
287,0,0.55252,2,1,0,2,4,0.039389,0,1,5,0,0,120.72,34
288,0,0.4971,2,1,0,2,4,0.11787,0,2,5,0,0,120.84,35
289,0.49183,0.10653,1,1,2,3,5,0.90715,0,3,5,0,0,121.75,36
290,0,0.6161,2,1,0,2,4,0.17659,0,4,5,0,0,121.93,37
291,0.39396,0.015901,1,1,2,3,5,0.85468,0,5,5,0,0,122.78,38
292,0.40694,0.25515,1,1,2,3,5,0.90381,0,6,5,0,0,123.68,39
293,0,0.46631,3,1,0,3,4,0.15356,1,0,5,0,0,123.84,40
294,0,0.45036,2,1,0,2,5,0.82502,1,1,5,0,0,124.66,41
295,0,0.45405,3,1,0,3,4,0.94104,1,2,4,0,0,125.6,0
296,0.49573,0.10615,1,1,1,2,5,0.08212,1,3,4,0,0,125.69,1
297,0.48372,0.077949,1,1,2,3,4,0.62757,1,4,4,0,0,126.31,2
298,0,0,3,1,0,3,0,0,1,5,4,0,1,126.31,3
299,0.49625,0.012776,1,1,2,3,4,0.49402,1,5,4,0,0,126.81,4
300,0.39968,0.061454,1,1,2,3,4,0.56677,1,6,4,0,0,127.37,5
301,0,0.54427,2,1,0,2,5,0.17811,1,7,4,0,0,127.55,6
302,0.54479,0.44097,1,1,2,3,4,0.94851,1,8,4,0,0,128.5,7
303,0,0.62167,3,1,0,3,5,0.19755,0,0,4,0,0,128.7,8
304,0.42598,0.29582,1,1,2,3,5,0.065857,0,1,4,0,0,128.76,9
305,0.36264,0.42544,1,1,2,3,5,0.067908,0,2,4,0,0,128.83,10
306,0,0.4628,2,1,0,2,4,0.94337,0,3,4,0,0,129.78,11
307,0,0.44076,2,1,0,2,4,0.93143,0,4,4,0,0,130.71,12
308,0,0.44311,2,1,0,2,4,0.83406,0,5,4,0,0,131.54,13
309,0,0.43137,2,1,0,2,4,0.98917,0,6,4,0,0,132.53,14
310,0,0.53038,3,1,0,3,4,0.95152,1,0,4,0,0,133.48,15
311,0.55528,0.006142,1,1,2,3,4,0.91111,1,1,4,0,0,134.39,16
312,0.46791,0.43265,1,1,2,3,4,0.82991,1,2,4,0,0,135.22,17
313,0.43102,0.27448,1,1,2,3,4,0.98786,1,3,4,0,0,136.21,18
314,0,0.47026,2,1,0,2,5,0.068725,1,4,4,0,0,136.28,19
315,0,0.56914,2,1,0,2,5,0.15083,1,5,4,0,0,136.43,20
316,0,0,3,1,0,3,0,0,1,6,4,0,1,136.43,21
317,0.45187,0.079148,1,1,2,3,4,0.9492,1,6,4,0,0,137.38,22
318,0,0.46768,2,1,0,2,4,0.96028,0,0,4,0,0,138.34,23
319,0.42909,0.050982,1,1,1,2,4,0.97604,0,1,4,0,0,139.32,24
320,0,0.55018,2,1,0,2,4,0.81472,0,2,4,0,0,140.13,25
321,0,0.45905,3,1,0,3,5,0.16486,0,3,4,0,0,140.3,26
322,0.5783,0.14606,1,1,2,3,5,0.17043,0,4,4,0,0,140.47,27
323,0.49818,0.47249,1,1,1,2,4,0.76658,0,5,4,0,0,141.23,28
324,0,0.53047,3,1,0,3,5,0.4371,0,6,4,0,0,141.67,29
325,0,0.50419,2,1,0,2,4,0.62832,0,7,4,0,0,142.3,30
326,0.40103,0.019625,1,1,1,2,4,0.5677,0,8,4,0,0,142.87,31
327,0,0.46718,3,1,0,3,4,0.84725,1,0,4,0,0,143.71,32
328,0,0,1,1,0,0,0,0,1,1,4,1,0,143.71,33
329,0,0.50467,3,1,0,3,4,0.85442,1,1,4,0,0,144.57,34
330,0,0.443,3,1,0,3,4,0.8706,1,2,4,0,0,145.44,35
331,0,0.44961,3,1,0,3,4,0.94053,1,3,4,0,0,146.38,36
332,0.51039,0.1292,1,1,2,3,4,0.95617,1,4,4,0,0,147.33,37
333,0,0.54738,3,1,0,3,4,0.95055,1,5,4,0,0,148.29,38
334,0,0.44651,3,1,0,3,4,0.88784,1,6,4,0,0,149.17,39
335,0.47456,0.028451,1,1,2,3,4,0.95316,1,7,4,0,0,150.13,40
336,0.43923,0.024657,1,1,2,3,4,0.59027,1,8,4,0,0,150.72,41
337,0,0.53841,2,1,0,2,4,0.16656,0,0,5,0,0,150.88,0
338,0,0.53104,2,1,0,2,4,0.064507,0,1,5,0,0,150.95,1
339,0.4289,0.14972,1,1,2,3,5,0.9194,0,2,5,0,0,151.87,2
340,0,0.51065,3,1,0,3,5,0.99895,0,3,5,0,0,152.87,3
341,0,0,1,1,0,0,0,0,0,4,5,1,0,152.87,4
342,0.39428,0.01054,1,1,2,3,5,0.74581,0,4,5,0,0,153.61,5
343,0,0.61372,2,1,0,2,4,0.4367,0,5,5,0,0,154.05,6
344,0,0.43026,3,1,0,3,5,0.49636,0,6,5,0,0,154.54,7
345,0,0.38449,3,1,0,3,5,0.69172,0,7,5,0,0,155.24,8
346,0,0,2,1,0,2,0,0,0,8,5,1,0,155.24,9
347,0.62101,0.050616,1,1,2,3,5,0.63975,0,8,5,0,0,155.88,10
348,0.58527,0.041163,1,1,2,3,5,0.71675,0,9,5,0,0,156.59,11
349,0.40272,0.23408,1,1,2,3,4,0.30288,1,0,5,0,0,156.9,12
350,0.40602,0.31695,1,1,2,3,4,0.30583,1,1,5,0,0,157.2,13
351,0,0.54097,2,1,0,2,5,0.61864,1,2,5,0,0,157.82,14
352,0,0.55118,3,1,0,3,4,0.21573,1,3,5,0,0,158.04,15
353,0.37299,0.003235,1,1,1,2,5,0.7911,1,4,5,0,0,158.83,16
354,0,0.48374,3,1,0,3,4,0.115,1,5,5,0,0,158.94,17
355,0,0.39957,2,1,0,2,5,0.95865,1,6,5,0,0,159.9,18
356,0,0.46465,3,1,0,3,5,0.92868,0,0,5,0,0,160.83,19
357,0.43675,0.04417,1,1,1,2,4,0.076218,0,1,5,0,0,160.91,20
358,0,0.43275,3,1,0,3,5,0.96696,0,2,5,0,0,161.87,21
359,0.34619,0.022548,1,1,2,3,5,0.93744,0,3,5,0,0,162.81,22
360,0.36951,0.041771,1,1,2,3,5,0.92897,0,4,5,0,0,163.74,23
361,0.48342,0.3429,1,1,1,2,4,0.11162,0,5,5,0,0,163.85,24
362,0,0.51589,3,1,0,3,5,0.53847,0,6,5,0,0,164.39,25
363,0.47973,0.003225,1,1,2,3,5,0.65496,0,7,5,0,0,165.04,26
364,0,0,2,1,0,2,0,0,1,0,5,0,1,165.04,27
365,0.47651,0.019664,1,1,2,3,4,0.23541,1,0,5,0,0,165.28,28
366,0.40166,0.034422,1,1,2,3,4,0.28658,1,1,5,0,0,165.57,29
367,0.45565,0.07231,1,1,1,2,5,0.84011,1,2,5,0,0,166.41,30
368,0.37237,0.11919,1,1,1,2,5,0.79798,1,3,5,0,0,167.2,31
369,0,0.51528,3,1,0,3,4,0.37878,1,4,5,0,0,167.58,32
370,0,0,1,1,0,0,0,0,1,5,5,1,0,167.58,33
371,0,0,1,1,0,0,0,0,1,5,5,1,0,167.58,34
372,0,0,2,1,0,2,0,0,1,5,5,0,1,167.58,35
373,0.44907,0.003267,1,1,1,2,5,0.50488,1,5,5,0,0,168.09,36
374,0,0.65136,2,1,0,2,5,0.64655,1,6,5,0,0,168.73,37
375,0.46058,0,1,1,1,2,0,0,1,7,5,0,1,168.73,38
376,0.47451,0.003144,1,1,1,2,5,0.53243,1,7,5,0,0,169.27,39
377,0.5166,0.003189,1,1,1,2,5,0.33396,1,8,5,0,0,169.6,40
378,0.44011,0.003193,1,1,2,3,5,0.52502,0,0,5,0,0,170.13,41
379,0,0.59767,2,1,0,2,4,0.91361,0,1,4,0,0,171.04,0
380,0,0.51892,2,1,0,2,4,0.90304,0,2,4,0,0,171.94,1
381,0,0,2,1,0,2,0,0,0,3,4,1,0,171.94,2
382,0,0.43559,2,1,0,2,4,0.92005,0,3,4,0,0,172.86,3
383,0.43859,0.003199,1,1,1,2,4,0.74276,0,4,4,0,0,173.61,4
384,0.53067,0.003263,1,1,1,2,4,0.89623,0,5,4,0,0,174.5,5
385,0.37881,0.003287,1,1,1,2,4,0.66438,0,6,4,0,0,175.17,6
386,0.53209,0.003225,1,1,1,2,5,0.29298,1,0,4,0,0,175.46,7
387,0,0.57087,2,1,0,2,5,0.20339,1,1,4,0,0,175.66,8
388,0.38549,0.035297,1,1,2,3,4,0.93519,1,2,4,0,0,176.6,9
389,0,0.55394,2,1,0,2,5,0.12375,1,3,4,0,0,176.72,10
390,0.42396,0.003291,1,1,2,3,4,0.95659,1,4,4,0,0,177.68,11
391,0,0.53064,3,1,0,3,4,0.98937,1,5,4,0,0,178.67,12
392,0,0.48763,3,1,0,3,4,0.97374,1,6,4,0,0,179.64,13
393,0,0.5305,2,1,0,2,5,0.055938,1,7,4,0,0,179.7,14
394,0.48049,0.003284,1,1,2,3,4,0.68839,1,8,4,0,0,180.39,15
395,0.34194,0.003183,1,1,2,3,4,0.74854,1,9,4,0,0,181.13,16
396,0.47165,0.003225,1,1,2,3,5,0.054263,0,0,4,0,0,181.19,17
397,0,0.56902,3,1,0,3,5,0.071297,0,1,4,0,0,181.26,18
398,0.3509,0.031253,1,1,1,2,4,0.82351,0,2,4,0,0,182.08,19
399,0,0.51477,2,1,0,2,4,0.7994,0,3,4,0,0,182.88,20
400,0.42418,0.003223,1,1,1,2,4,0.84986,0,4,4,0,0,183.73,21
401,0,0.5498,3,1,0,3,5,0.021473,0,5,4,0,0,183.75,22
402,0,0.4177,2,1,0,2,4,0.99096,0,6,4,0,0,184.74,23
403,0,0.40057,2,1,0,2,4,0.93408,0,7,4,0,0,185.68,24
404,0,0.46757,3,1,0,3,5,0.10975,0,8,4,0,0,185.79,25
405,0.48305,0.003153,1,1,1,2,4,0.91653,0,9,4,0,0,186.7,26
406,0,0.48021,2,1,0,2,5,0.05948,1,0,4,0,0,186.76,27
407,0,0.43269,3,1,0,3,4,0.86118,1,1,4,0,0,187.63,28
408,0,0.4133,3,1,0,3,4,0.79589,1,2,4,0,0,188.42,29
409,0.42538,0.003244,1,1,2,3,4,0.89012,1,3,4,0,0,189.31,30
410,0,0,2,1,0,2,0,0,1,4,4,0,1,189.31,31
411,0,0.47708,3,1,0,3,4,0.40844,1,4,4,0,0,189.72,32
412,0,0.53499,2,1,0,2,5,0.35847,1,5,4,0,0,190.08,33
413,0,0.42338,3,1,0,3,4,0.66058,1,6,4,0,0,190.74,34
414,0.61601,0.003192,1,1,2,3,4,0.75131,1,7,4,0,0,191.49,35
415,0.47904,0.034464,1,1,2,3,4,0.60193,1,8,4,0,0,192.09,36
416,0.34943,0.015925,1,1,2,3,4,0.57096,1,9,4,0,0,192.66,37
417,0,0,2,1,0,2,0,0,1,10,4,0,1,192.66,38
418,0.62729,0.016524,1,1,2,3,4,0.64496,1,10,4,0,0,193.31,39
419,0.37872,0.003193,1,1,2,3,5,0.37833,0,0,4,0,0,193.69,40
420,0,0.47931,2,1,0,2,4,0.6873,0,1,4,0,0,194.37,41
421,0.43561,0.003192,1,1,1,2,4,0.35124,0,2,5,0,0,194.73,0
422,0.38277,0.019243,1,1,1,2,4,0.39892,0,3,5,0,0,195.12,1
423,0,0,2,1,0,2,0,0,0,4,5,0,1,195.12,2
424,0,0.40603,3,1,0,3,5,0.53584,0,4,5,0,0,195.66,3
425,0.41073,0.052124,1,1,2,3,5,0.5621,0,5,5,0,0,196.22,4
426,0.3894,0.004001,1,1,2,3,5,0.89901,0,6,5,0,0,197.12,5
427,0,0,3,1,0,3,0,0,0,7,5,1,0,197.12,6
428,0,0.39931,3,1,0,3,5,0.79085,0,7,5,0,0,197.91,7
429,0.35177,0.29345,1,1,2,3,5,0.57483,0,8,5,0,0,198.49,8
430,0.45135,0.003997,1,1,2,3,5,0.63501,0,9,5,0,0,199.12,9
431,0,0.54572,2,1,0,2,4,0.025141,0,10,5,0,0,199.15,10
432,0,0.58434,2,1,0,2,4,0.30644,0,11,5,0,0,199.45,11
433,0,0.49095,2,1,0,2,5,0.72703,1,0,5,0,0,200.18,12
434,0,0.56366,3,1,0,3,4,0.078442,1,1,5,0,0,200.26,13
435,0.47383,0.003209,1,1,2,3,4,0.086373,1,2,5,0,0,200.34,14
436,0.55943,0.048868,1,1,1,2,5,0.89264,1,3,5,0,0,201.24,15
437,0,0,1,1,0,0,0,0,1,4,5,1,0,201.24,16
438,0.41768,0.003195,1,1,1,2,5,0.9594,1,4,5,0,0,202.2,17
439,0,0.4457,2,1,0,2,5,0.82041,1,5,5,0,0,203.02,18
440,0.50042,0.003193,1,1,1,2,5,0.77687,1,6,5,0,0,203.79,19
441,0,0.45042,2,1,0,2,5,0.96728,1,7,5,0,0,204.76,20
442,0,0.50596,3,1,0,3,4,0.040768,1,8,5,0,0,204.8,21
443,0,0.48918,3,1,0,3,4,0.15475,1,9,5,0,0,204.96,22
444,0.46795,0.025692,1,1,1,2,5,0.94048,1,10,5,0,0,205.9,23
445,0,0.42814,2,1,0,2,4,0.009525,0,0,5,0,0,205.91,24
446,0.37583,0.074879,1,1,2,3,5,0.93936,0,1,5,0,0,206.85,25
447,0,0.49681,2,1,0,2,4,0.12909,0,2,5,0,0,206.98,26
448,0,0.5388,2,1,0,2,4,0.024247,0,3,5,0,0,207,27
449,0,0.42166,2,1,0,2,4,0.07564,0,4,5,0,0,207.08,28
450,0,0.47389,3,1,0,3,5,0.9778,0,5,5,0,0,208.05,29
451,0,0.45643,3,1,0,3,5,0.88659,0,6,5,0,0,208.94,30
452,0.51801,0.00325,1,1,2,3,5,0.98778,0,7,5,0,0,209.93,31
453,0,0.5171,2,1,0,2,4,0.038172,0,8,5,0,0,209.97,32
454,0,0,1,1,0,0,0,0,0,9,5,1,0,209.97,33
455,0.40707,0.003279,1,1,2,3,5,0.7488,0,9,5,0,0,210.71,34
456,0.46804,0.003201,1,1,2,3,5,0.42935,0,10,5,0,0,211.14,35
457,0,0.57422,3,1,0,3,5,0.23663,0,11,5,0,0,211.38,36
458,0.48971,0.00327,1,1,1,2,4,0.6608,0,12,5,0,0,212.04,37
459,0,0.38622,2,1,0,2,4,0.63472,0,13,5,0,0,212.68,38
460,0.40049,0.003224,1,1,1,2,5,0.37125,1,0,5,0,0,213.05,39
461,0.44854,0.003207,1,1,1,2,5,0.52938,1,1,5,0,0,213.58,40
462,0.36641,0.31254,1,1,1,2,5,0.54758,1,2,5,0,0,214.12,41
463,0.58082,0.028698,1,1,1,2,5,0.42852,1,3,4,0,0,214.55,0
464,0.63063,0.006994,1,1,2,3,4,0.8434,1,4,4,0,0,215.4,1
465,0.41234,0.28215,1,1,2,3,4,0.87858,1,5,4,0,0,216.27,2
466,0.36941,0.095067,1,1,2,3,4,0.98954,1,6,4,0,0,217.26,3
467,0.52199,0.060787,1,1,2,3,4,0.78838,1,7,4,0,0,218.05,4
468,0.38544,0.043342,1,1,2,3,4,0.88691,1,8,4,0,0,218.94,5
469,0,0.52835,2,1,0,2,5,0.077244,1,9,4,0,0,219.02,6
470,0.45141,0.007071,1,1,2,3,4,0.62079,1,10,4,0,0,219.64,7
471,0,0.4639,2,1,0,2,5,0.34209,1,11,4,0,0,219.98,8
472,0,0.47792,2,1,0,2,4,0.98821,0,0,4,0,0,220.97,9
473,0,0.50328,3,1,0,3,5,0.013514,0,1,4,0,0,220.98,10
474,0.44389,0.031111,1,1,1,2,4,0.85686,0,2,4,0,0,221.84,11
475,0.39813,0.003197,1,1,1,2,4,0.98483,0,3,4,0,0,222.82,12
476,0,0.44526,3,1,0,3,5,0.028136,0,4,4,0,0,222.85,13
477,0.39696,0.003304,1,1,1,2,4,0.79685,0,5,4,0,0,223.65,14
478,0.46859,0.003309,1,1,1,2,4,0.64397,0,6,4,0,0,224.29,15
479,0.39287,0.003193,1,1,1,2,4,0.99921,0,7,4,0,0,225.29,16
480,0,0.49236,3,1,0,3,5,0.002418,0,8,4,0,0,225.29,17
481,0,0.48873,2,1,0,2,4,0.70318,0,9,4,0,0,226,18
482,0.39598,0.003249,1,1,1,2,4,0.94294,0,10,4,0,0,226.94,19
483,0.56978,0.00327,1,1,1,2,4,0.94169,0,11,4,0,0,227.88,20
484,0.39153,0.003217,1,1,1,2,4,0.93292,0,12,4,0,0,228.81,21
485,0.42318,0.003224,1,1,1,2,4,0.75504,0,13,4,0,0,229.57,22
486,0.34402,0.003293,1,1,1,2,5,0.57991,1,0,4,0,0,230.15,23
487,0.35241,0.003224,1,1,1,2,5,0.48667,1,1,4,0,0,230.64,24
488,0,0.49863,2,1,0,2,5,0.10751,1,2,4,0,0,230.74,25
489,0.6146,0.003259,1,1,2,3,4,0.76381,1,3,4,0,0,231.51,26
490,0,0.45409,3,1,0,3,4,0.73503,1,4,4,0,0,232.24,27
491,0,0.38547,3,1,0,3,4,0.89259,1,5,4,0,0,233.14,28
492,0.40046,0.003227,1,1,2,3,4,0.96988,1,6,4,0,0,234.1,29
493,0,0.4882,2,1,0,2,5,0.26903,1,7,4,0,0,234.37,30
494,0.42652,0.003227,1,1,2,3,4,0.99013,1,8,4,0,0,235.36,31
495,0,0,2,1,0,2,0,0,1,9,4,0,1,235.36,32
496,0.56471,0.00319,1,1,2,3,4,0.75454,1,9,4,0,0,236.12,33
497,0,0.52567,3,1,0,3,4,0.90794,1,10,4,0,0,237.03,34
498,0,0.43925,3,1,0,3,4,0.86774,1,11,4,0,0,237.89,35
499,0.47719,0.003189,1,1,2,3,4,0.863,1,12,4,0,0,238.76,36
500,0,0.70745,2,1,0,2,4,0.96598,0,0,4,0,0,239.72,37
501,0,0.4931,3,1,0,3,5,0.004723,0,1,4,0,0,239.73,38
502,0,0.46738,2,1,0,2,4,0.98587,0,2,4,0,0,240.71,39
503,0.40607,0.003243,1,1,1,2,4,0.93333,0,3,4,0,0,241.65,40
504,0,0.43285,3,1,0,3,5,0.013476,0,4,4,0,0,241.66,41
505,0,0.46574,2,1,0,2,4,0.12798,0,5,5,0,0,241.79,0
506,0,0.56583,2,1,0,2,4,0.14989,0,6,5,0,0,241.94,1
507,0.52282,0.003227,1,1,2,3,5,0.71751,0,7,5,0,0,242.66,2
508,0.38941,0.049864,1,1,2,3,5,0.76432,0,8,5,0,0,243.42,3
509,0,0,3,1,0,3,0,0,0,9,5,0,1,243.42,4
510,0,0.37114,3,1,0,3,5,0.70587,0,9,5,0,0,244.13,5
511,0,0.39319,3,1,0,3,5,0.79553,0,10,5,0,0,244.92,6
512,0,0.36484,3,1,0,3,5,0.70545,0,11,5,0,0,245.63,7
513,0,0.36373,3,1,0,3,5,0.85157,0,12,5,0,0,246.48,8
514,0.55018,0.003271,1,1,2,3,4,0.19107,1,0,5,0,0,246.67,9
515,0.40395,0.025755,1,1,1,2,5,0.64171,1,1,5,0,0,247.31,10
516,0.32715,0.048255,1,1,1,2,5,0.71335,1,2,5,0,0,248.02,11
517,0,0.51048,2,1,0,2,5,0.56641,1,3,5,0,0,248.59,12
518,0,0.47586,3,1,0,3,4,0.35252,1,4,5,0,0,248.94,13
519,0.36636,0.043694,1,1,1,2,5,0.5327,1,5,5,0,0,249.48,14
520,0,0.48243,3,1,0,3,4,0.43227,1,6,5,0,0,249.91,15
521,0.43229,0.021702,1,1,1,2,5,0.56959,1,7,5,0,0,250.48,16
522,0,0.62028,2,1,0,2,5,0.48259,1,8,5,0,0,250.96,17
523,0,0.42111,3,1,0,3,4,0.78038,1,9,5,0,0,251.74,18
524,0.41322,0.003193,1,1,2,3,4,0.51737,1,10,5,0,0,252.26,19
525,0,0,1,1,0,0,0,0,0,0,5,1,0,252.26,20
526,0,0.5621,3,1,0,3,5,0.675,0,0,5,0,0,252.93,21
527,0.42184,0.003222,1,1,2,3,5,0.73185,0,1,5,0,0,253.67,22
528,0.4263,0.00328,1,1,2,3,5,0.89704,0,2,5,0,0,254.56,23
529,0,0.49362,3,1,0,3,5,0.86328,0,3,5,0,0,255.43,24
530,0.57245,0.003226,1,1,2,3,5,0.62939,0,4,5,0,0,256.06,25
531,0,0.57081,2,1,0,2,4,0.2279,0,5,5,0,0,256.28,26
532,0.34409,0.018881,1,1,2,3,5,0.67708,0,6,5,0,0,256.96,27
533,0.49824,0.009887,1,1,2,3,5,0.44659,0,7,5,0,0,257.41,28
534,0.46062,0.00326,1,1,1,2,4,0.45008,0,8,5,0,0,257.86,29
535,0.4277,0.044746,1,1,2,3,5,0.7807,0,9,5,0,0,258.64,30
536,0,0,3,1,0,3,0,0,0,10,5,1,0,258.64,31
537,0.51851,0.019559,1,1,2,3,5,0.82637,0,10,5,0,0,259.46,32
538,0,0.57662,2,1,0,2,4,0.007013,0,11,5,0,0,259.47,33
539,0,0.43339,3,1,0,3,5,0.973,0,12,5,0,0,260.44,34
540,0.46447,0.077781,1,1,2,3,4,0.036278,1,0,5,0,0,260.48,35
541,0,0.42684,3,1,0,3,4,0.013159,1,1,5,0,0,260.49,36
542,0,0.5656,2,1,0,2,5,0.8552,1,2,5,0,0,261.35,37
543,0,0.45401,3,1,0,3,4,0.093789,1,3,5,0,0,261.44,38
544,0.49182,0.003262,1,1,1,2,5,0.93125,1,4,5,0,0,262.37,39
545,0,0.61442,2,1,0,2,5,0.89452,1,5,5,0,0,263.27,40
546,0.54693,0.043009,1,1,1,2,5,0.98877,1,6,5,0,0,264.26,41
547,0,0.39209,2,1,0,2,5,0.037896,1,7,4,0,0,264.29,0
548,0,0.40825,2,1,0,2,5,0.008671,1,8,4,0,0,264.3,1
549,0,0.5985,2,1,0,2,5,0.026305,1,9,4,0,0,264.33,2
550,0.54141,0.069249,1,1,1,2,5,0.13193,1,10,4,0,0,264.46,3
551,0.42901,0.022492,1,1,2,3,4,0.90115,1,11,4,0,0,265.36,4
552,0,0.65639,2,1,0,2,5,0.072732,1,12,4,0,0,265.44,5
553,0,0.48856,3,1,0,3,4,0.8921,1,13,4,0,0,266.33,6
554,0.46954,0.003189,1,1,2,3,5,0.28119,0,0,4,0,0,266.61,7
555,0.46633,0.040821,1,1,2,3,5,0.12744,0,1,4,0,0,266.74,8
556,0,0.49535,3,1,0,3,5,0.062629,0,2,4,0,0,266.8,9
557,0.40862,0.00702,1,1,2,3,5,0.31944,0,3,4,0,0,267.12,10
558,0.49309,0.003225,1,1,1,2,4,0.56485,0,4,4,0,0,267.68,11
559,0,0.48709,2,1,0,2,4,0.65088,0,5,4,0,0,268.33,12
560,0,0.43287,2,1,0,2,4,0.96596,0,6,4,0,0,269.3,13
561,0,0.48736,2,1,0,2,4,0.93637,0,7,4,0,0,270.24,14
562,0,0.39981,2,1,0,2,4,0.65491,0,8,4,0,0,270.89,15
563,0.47556,0.02242,1,1,1,2,4,0.82369,0,9,4,0,0,271.72,16
564,0,0.57305,3,1,0,3,5,0.21655,0,10,4,0,0,271.93,17
565,0,0.43194,2,1,0,2,5,0.14089,1,0,4,0,0,272.07,18
566,0,0.43943,3,1,0,3,4,0.72611,1,1,4,0,0,272.8,19
567,0.36573,0.003337,1,1,2,3,4,0.86943,1,2,4,0,0,273.67,20
568,0.41058,0.00323,1,1,2,3,4,0.95692,1,3,4,0,0,274.63,21
569,0,0.45467,3,1,0,3,4,0.65634,1,4,4,0,0,275.28,22
570,0.3516,0.003336,1,1,2,3,4,0.57267,1,5,4,0,0,275.85,23
571,0,0.41962,3,1,0,3,4,0.96306,1,6,4,0,0,276.82,24
572,0.35926,0.003224,1,1,2,3,4,0.98091,1,7,4,0,0,277.8,25
573,0,0.47109,2,1,0,2,5,0.046867,1,8,4,0,0,277.84,26
574,0,0.34731,3,1,0,3,4,0.91128,1,9,4,0,0,278.76,27
575,0,0.3543,3,1,0,3,4,0.96273,1,10,4,0,0,279.72,28
576,0.41909,0.1233,1,1,2,3,5,0.082829,0,0,4,0,0,279.8,29
577,0.35372,0.085111,1,1,2,3,5,0.24742,0,1,4,0,0,280.05,30
578,0,0.44927,2,1,0,2,4,0.82853,0,2,4,0,0,280.88,31
579,0,0.4344,2,1,0,2,4,0.9343,0,3,4,0,0,281.81,32
580,0.52745,0.01869,1,1,1,2,4,0.97726,0,4,4,0,0,282.79,33
581,0,0.56257,3,1,0,3,5,0.091826,0,5,4,0,0,282.88,34
582,0.53977,0.015685,1,1,2,3,5,0.37675,0,6,4,0,0,283.26,35
583,0.42936,0.003276,1,1,1,2,4,0.80217,0,7,4,0,0,284.06,36
584,0.4001,0.025941,1,1,1,2,4,0.78241,0,8,4,0,0,284.84,37
585,0,0.56854,3,1,0,3,5,0.079011,0,9,4,0,0,284.92,38
586,0,0,2,1,0,2,0,0,0,10,4,0,1,284.92,39
587,0.61015,0.003397,1,1,1,2,4,0.91064,0,10,4,0,0,285.83,40
588,0,0.48101,3,1,0,3,4,0.82774,1,0,4,0,0,286.66,41
589,0.40304,0.01572,1,1,2,3,4,0.26543,1,1,5,0,0,286.93,0
590,0,0.43497,3,1,0,3,4,0.010137,1,2,5,0,0,286.94,1
591,0.40383,0.003219,1,1,1,2,5,0.7046,1,3,5,0,0,287.64,2
592,0.45792,0.00322,1,1,1,2,5,0.61547,1,4,5,0,0,288.26,3
593,0,0.59384,3,1,0,3,4,0.16146,1,5,5,0,0,288.42,4
594,0,0.39212,2,1,0,2,5,0.88014,1,6,5,0,0,289.3,5
595,0.47702,0.003219,1,1,1,2,5,0.97934,1,7,5,0,0,290.28,6
596,0.48983,0.003314,1,1,1,2,5,0.88529,1,8,5,0,0,291.16,7
597,0.3508,0.051842,1,1,1,2,5,0.96005,1,9,5,0,0,292.12,8
598,0.38596,0.19985,1,1,1,2,5,0.71926,1,10,5,0,0,292.84,9
599,0.33496,0.062084,1,1,1,2,5,0.98234,1,11,5,0,0,293.82,10
600,0.46678,0.048178,1,1,1,2,5,0.88098,1,12,5,0,0,294.7,11
