1,0.45629,0.47143,1,1,1,2,4,0.5,0,0,5,0,0,0.5,0
2,0.54434,0.48336,1,1,1,2,4,0.54957,0,1,5,0,0,1.0496,1
3,0.69006,0.54868,1,1,1,2,4,0.54057,0,2,5,0,0,1.5901,2
4,0,0,3,1,0,3,0,0,0,3,5,1,0,1.5901,3
5,0.56453,0.5311,1,1,1,2,4,0.024029,0,3,5,0,0,1.6142,4
6,0,0,2,1,0,2,0,0,0,4,5,1,0,1.6142,5
7,0,0.70986,3,1,0,3,5,0.75097,0,4,5,0,0,2.3651,6
8,0,0.66837,3,1,0,3,5,0.56566,0,5,5,0,0,2.9308,7
9,0,0,1,1,0,0,0,0,0,6,5,1,0,2.9308,8
10,0.61321,0.49728,1,1,2,3,5,0.83768,0,6,5,0,0,3.7685,9
11,0,0.64088,3,1,0,3,5,0.64075,0,7,5,0,0,4.4092,10
12,0,0,1,1,0,0,0,0,0,8,5,1,0,4.4092,11
13,0.69576,0.40542,1,1,2,3,5,0.98527,0,8,5,0,0,5.3945,12
14,0.66064,0.59071,1,1,2,3,4,0.12536,1,0,5,0,0,5.5199,13
15,0,0,3,1,0,3,0,0,1,1,5,1,0,5.5199,14
16,0,0.57855,3,1,0,3,4,0.018162,1,1,5,0,0,5.538,15
17,0,0.60338,3,1,0,3,4,0.015287,1,2,5,0,0,5.5533,16
18,0,0.47626,3,1,0,3,4,0.036486,1,3,5,0,0,5.5898,17
19,0.64883,0.67805,1,1,2,3,4,0.006443,1,4,5,0,0,5.5962,18
20,0,0,2,1,0,2,0,0,1,5,5,1,0,5.5962,19
21,0,0,3,1,0,3,0,0,1,5,5,1,0,5.5962,20
22,0,0.59627,2,1,0,2,5,0.78715,1,5,5,0,0,6.3834,21
23,0.64012,0.46176,1,1,1,2,5,0.82171,1,6,5,0,0,7.2051,22
24,0.48415,0.6103,1,1,1,2,5,0.84741,1,7,5,0,0,8.0525,23
25,0,0.67109,3,1,0,3,4,0.37762,1,8,5,0,0,8.4301,24
26,0,0,3,1,0,3,0,0,1,9,5,1,0,8.4301,25
27,0.67492,0.46542,1,1,1,2,5,0.99174,1,9,5,0,0,9.4219,26
28,0,0,3,1,0,3,0,0,0,0,5,1,0,9.4219,27
29,0,0.55156,2,1,0,2,4,0.016484,0,0,5,0,0,9.4384,28
30,0,0.63949,3,1,0,3,5,0.92536,0,1,5,0,0,10.364,29
31,0,0,3,1,0,3,0,0,0,2,5,0,1,10.364,30
32,0.68569,0.53062,1,1,2,3,5,0.88264,0,2,5,0,0,11.246,31
33,0.6542,0.45865,1,1,1,2,4,0.10195,0,3,5,0,0,11.348,32
34,0.43565,0,1,1,1,2,0,0,0,4,5,1,0,11.348,33
35,0,0.69467,3,1,0,3,5,0.87282,0,4,5,0,0,12.221,34
36,0.48684,0.53177,1,1,1,2,4,0.10559,0,5,5,0,0,12.327,35
37,0,0,2,1,0,2,0,0,0,6,4,1,0,12.327,0
38,0,0.67253,3,1,0,3,5,0.45861,0,6,4,0,0,12.785,1
39,0,0.60976,3,1,0,3,4,0.065606,1,0,4,0,0,12.851,2
40,0.62662,0.47398,1,1,1,2,5,0.67526,1,1,4,0,0,13.526,3
41,0,0.56891,3,1,0,3,4,0.2798,1,2,4,0,0,13.806,4
42,0,0.59677,3,1,0,3,4,0.474,1,3,4,0,0,14.28,5
43,0.49256,0.42741,1,1,1,2,5,0.45484,1,4,4,0,0,14.735,6
44,0,0.57115,3,1,0,3,4,0.86272,1,5,4,0,0,15.598,7
45,0.62274,0.51876,1,1,1,2,5,0.063022,1,6,4,0,0,15.661,8
46,0.54032,0.65962,1,1,1,2,5,0.095957,1,7,4,0,0,15.757,9
47,0,0.72867,3,1,0,3,5,0.2908,0,0,4,0,0,16.047,10
48,0,0.6314,3,1,0,3,5,0.41505,0,1,4,0,0,16.462,11
49,0,0.50029,3,1,0,3,5,0.5247,0,2,4,0,0,16.987,12
50,0,0,2,1,0,2,0,0,0,3,4,1,0,16.987,13
51,0,0.62749,2,1,0,2,4,0.89135,0,3,4,0,0,17.878,14
52,0,0,1,1,0,0,0,0,0,4,4,1,0,17.878,15
53,0.53632,0.51121,1,1,2,3,5,0.21029,0,4,4,0,0,18.089,16
54,0,0.62828,2,1,0,2,4,0.94199,0,5,4,0,0,19.031,17
55,0,0.5877,3,1,0,3,5,0.021169,0,6,4,0,0,19.052,18
56,0,0,2,1,0,2,0,0,0,7,4,1,0,19.052,19
57,0,0.64773,3,1,0,3,5,0.34617,0,7,4,0,0,19.398,20
58,0,0.49059,2,1,0,2,4,0.60258,0,8,4,0,0,20.001,21
59,0,0.50983,3,1,0,3,5,0.13546,0,9,4,0,0,20.136,22
60,0,0.48659,3,1,0,3,4,0.74836,1,0,4,0,0,20.884,23
61,0,0.61993,3,1,0,3,4,0.93852,1,1,4,0,0,21.823,24
62,0.53051,0.45111,1,1,1,2,5,0.099999,1,2,4,0,0,21.923,25
63,0,0.68316,2,1,0,2,5,0.12935,1,3,4,0,0,22.052,26
64,0,0.60242,2,1,0,2,5,0.22683,1,4,4,0,0,22.279,27
65,0,0.54075,2,1,0,2,5,0.029109,1,5,4,0,0,22.308,28
66,0,0.67254,3,1,0,3,4,0.6808,1,6,4,0,0,22.989,29
67,0,0.5811,3,1,0,3,5,0.42183,0,0,4,0,0,23.411,30
68,0,0.58338,2,1,0,2,4,0.6449,0,1,4,0,0,24.056,31
69,0,0.54976,3,1,0,3,5,0.13973,0,2,4,0,0,24.196,32
70,0.63236,0.55611,1,1,2,3,5,0.15854,0,3,4,0,0,24.354,33
71,0.41943,0.61782,1,1,2,3,5,0.25139,0,4,4,0,0,24.605,34
72,0.50743,0.52993,1,1,2,3,5,0.32263,0,5,4,0,0,24.928,35
73,0.70439,0.53885,1,1,2,3,5,0.98671,0,6,5,0,0,25.915,0
74,0,0.60525,2,1,0,2,4,0.20787,0,7,5,0,0,26.123,1
75,0,0.57295,3,1,0,3,5,0.65057,0,8,5,0,0,26.773,2
76,0,0,2,1,0,2,0,0,1,0,5,0,1,26.773,3
77,0,0.56919,3,1,0,3,4,0.14799,1,0,5,0,0,26.921,4
78,0,0.5489,2,1,0,2,5,0.91908,1,1,5,0,0,27.84,5
79,0,0.54369,3,1,0,3,4,0.097129,1,2,5,0,0,27.937,6
80,0,0.54896,3,1,0,3,4,0.047104,1,3,5,0,0,27.985,7
81,0.64211,0.64659,1,1,2,3,4,0.086993,1,4,5,0,0,28.072,8
82,0,0.67736,3,1,0,3,4,0.32925,1,5,5,0,0,28.401,9
83,0,0,1,1,0,0,0,0,1,6,5,1,0,28.401,10
84,0,0.61364,3,1,0,3,4,0.40382,1,6,5,0,0,28.805,11
85,0.44231,0.46442,1,1,2,3,4,0.35797,1,7,5,0,0,29.163,12
86,0,0.57047,2,1,0,2,5,0.99643,1,8,5,0,0,30.159,13
87,0,0,2,1,0,2,0,0,1,9,5,1,0,30.159,14
88,0,0.54794,2,1,0,2,5,0.75499,1,9,5,0,0,30.914,15
89,0.59986,0.50881,1,1,1,2,4,0.21506,0,0,5,0,0,31.129,16
90,0.50566,0,1,1,1,2,0,0,0,1,5,1,0,31.129,17
91,0.55695,0.64799,1,1,1,2,4,0.19758,0,1,5,0,0,31.327,18
92,0,0.61079,3,1,0,3,5,0.85835,0,2,5,0,0,32.185,19
93,0,0.67807,3,1,0,3,5,0.97932,0,3,5,0,0,33.164,20
94,0.54266,0.51435,1,1,2,3,5,0.92351,0,4,5,0,0,34.088,21
95,0.41535,0.46581,1,1,2,3,5,0.89713,0,5,5,0,0,34.985,22
96,0,0.61013,3,1,0,3,5,0.99069,0,6,5,0,0,35.976,23
97,0,0.47965,3,1,0,3,5,0.70909,0,7,5,0,0,36.685,24
98,0.53857,0.43053,1,1,2,3,5,0.92954,0,8,5,0,0,37.614,25
99,0.55132,0.55216,1,1,2,3,4,0.077052,1,0,5,0,0,37.691,26
100,0,0.6606,3,1,0,3,4,0.10616,1,1,5,0,0,37.797,27
101,0,0.51415,3,1,0,3,4,0.30955,1,2,5,0,0,38.107,28
102,0.53352,0.4906,1,1,2,3,4,0.20531,1,3,5,0,0,38.312,29
103,0,0.72398,2,1,0,2,5,0.94364,1,4,5,0,0,39.256,30
104,0,0.63638,2,1,0,2,5,0.91236,1,5,5,0,0,40.168,31
105,0,0.51674,3,1,0,3,4,0.23697,1,6,5,0,0,40.405,32
106,0,0.58872,2,1,0,2,5,0.49567,1,7,5,0,0,40.901,33
107,0.49256,0.42954,1,1,1,2,5,0.7667,1,8,5,0,0,41.668,34
108,0,0.56386,3,1,0,3,4,0.46756,1,9,5,0,0,42.135,35
109,0,0.63128,2,1,0,2,4,0.7613,0,0,4,0,0,42.897,0
110,0,0.52245,2,1,0,2,4,0.5491,0,1,4,0,0,43.446,1
111,0,0.58446,3,1,0,3,5,0.20038,0,2,4,0,0,43.646,2
112,0.70893,0.67592,1,1,2,3,5,0.01721,0,3,4,0,0,43.663,3
113,0,0.55898,3,1,0,3,5,0.11439,0,4,4,0,0,43.778,4
114,0.53662,0.5229,1,1,1,2,4,0.93141,0,5,4,0,0,44.709,5
115,0,0.66569,3,1,0,3,5,0.17045,0,6,4,0,0,44.879,6
116,0,0.66643,3,1,0,3,5,0.29179,0,7,4,0,0,45.171,7
117,0.52631,0.37287,1,1,1,2,5,0.16978,1,0,4,0,0,45.341,8
118,0.52799,0.52199,1,1,1,2,5,0.27301,1,1,4,0,0,45.614,9
119,0.57734,0,1,1,1,2,0,0,1,2,4,1,0,45.614,10
120,0.64453,0.54607,1,1,2,3,4,0.53991,1,2,4,0,0,46.154,11
121,0,0.62041,3,1,0,3,4,0.50294,1,3,4,0,0,46.657,12
122,0,0.53428,3,1,0,3,4,0.77517,1,4,4,0,0,47.432,13
123,0,0,1,1,0,0,0,0,1,5,4,1,0,47.432,14
124,0,0,2,1,0,2,0,0,1,5,4,1,0,47.432,15
125,0,0.63326,3,1,0,3,4,0.98851,1,5,4,0,0,48.421,16
126,0,0.58534,3,1,0,3,4,0.84466,1,6,4,0,0,49.265,17
127,0,0.53705,3,1,0,3,5,0.19787,0,0,4,0,0,49.463,18
128,0.45888,0.57274,1,1,2,3,5,0.025154,0,1,4,0,0,49.488,19
129,0.45164,0.58632,1,1,1,2,4,0.96117,0,2,4,0,0,50.449,20
130,0,0.58291,2,1,0,2,4,0.99807,0,3,4,0,0,51.447,21
131,0.44878,0,1,1,1,2,0,0,0,4,4,1,0,51.447,22
132,0.64979,0.52296,1,1,1,2,4,0.90796,0,4,4,0,0,52.355,23
133,0.47003,0.60044,1,1,1,2,4,0.66936,0,5,4,0,0,53.025,24
134,0.43366,0.51655,1,1,1,2,4,0.61691,0,6,4,0,0,53.642,25
135,0.45058,0.48024,1,1,1,2,4,0.63011,0,7,4,0,0,54.272,26
136,0,0.55154,2,1,0,2,4,0.84171,0,8,4,0,0,55.114,27
137,0.41152,0.41111,1,1,1,2,4,0.91658,0,9,4,0,0,56.03,28
138,0,0.54655,2,1,0,2,5,0.21151,1,0,4,0,0,56.242,29
139,0,0.58741,2,1,0,2,5,0.008528,1,1,4,0,0,56.25,30
140,0,0.73332,3,1,0,3,4,0.89548,1,2,4,0,0,57.146,31
141,0.55002,0.43679,1,1,2,3,4,0.92639,1,3,4,0,0,58.072,32
142,0.51458,0.50302,1,1,2,3,4,0.9233,1,4,4,0,0,58.995,33
143,0.48785,0.37791,1,1,2,3,4,0.94622,1,5,4,0,0,59.942,34
144,0.52431,0.45477,1,1,2,3,4,0.9385,1,6,4,0,0,60.88,35
145,0.5829,0.48716,1,1,2,3,5,0.90936,0,0,5,0,0,61.789,0
146,0,0.64042,2,1,0,2,4,0.2434,0,1,5,0,0,62.033,1
147,0,0.42705,2,1,0,2,4,0.23994,0,2,5,0,0,62.273,2
148,0.47985,0.42803,1,1,2,3,5,0.7402,0,3,5,0,0,63.013,3
149,0,0.57257,2,1,0,2,4,0.2031,0,4,5,0,0,63.216,4
150,0.47824,0.56288,1,1,2,3,5,0.8455,0,5,5,0,0,64.062,5
151,0.55195,0.38456,1,1,2,3,5,0.98565,0,6,5,0,0,65.047,6
152,0,0.72693,3,1,0,3,4,0.34996,1,0,5,0,0,65.397,7
153,0,0.52115,3,1,0,3,4,0.26137,1,1,5,0,0,65.659,8
154,0,0.5438,2,1,0,2,5,0.62882,1,2,5,0,0,66.287,9
155,0.68385,0.48228,1,1,2,3,4,0.10424,1,3,5,0,0,66.392,10
156,0,0.59721,3,1,0,3,4,0.15718,1,4,5,0,0,66.549,11
157,0.45756,0.44311,1,1,1,2,5,0.76039,1,5,5,0,0,67.309,12
158,0,0,2,1,0,2,0,0,1,6,5,0,1,67.309,13
159,0.58948,0.47965,1,1,2,3,4,0.18913,1,6,5,0,0,67.498,14
160,0,0.57478,3,1,0,3,4,0.15798,1,7,5,0,0,67.656,15
161,0.63212,0.36681,1,1,1,2,5,0.68428,1,8,5,0,0,68.341,16
162,0,0,3,1,0,3,0,0,0,0,5,1,0,68.341,17
163,0.43898,0.46477,1,1,1,2,4,0.030387,0,0,5,0,0,68.371,18
164,0,0.57869,2,1,0,2,4,0.15271,0,1,5,0,0,68.524,19
165,0,0.63279,3,1,0,3,5,0.57491,0,2,5,0,0,69.099,20
166,0.68498,0.60013,1,1,1,2,4,0.61835,0,3,5,0,0,69.717,21
167,0,0.57417,3,1,0,3,5,0.43774,0,4,5,0,0,70.155,22
168,0,0.55709,2,1,0,2,4,0.27783,0,5,5,0,0,70.432,23
169,0,0.44498,2,1,0,2,4,0.14882,0,6,5,0,0,70.581,24
170,0,0.47895,2,1,0,2,4,0.089732,0,7,5,0,0,70.671,25
171,0,0.46497,2,1,0,2,5,0.91123,1,0,5,0,0,71.582,26
172,0,0.61467,3,1,0,3,4,0.19226,1,1,5,0,0,71.775,27
173,0,0.52356,2,1,0,2,5,0.8289,1,2,5,0,0,72.603,28
174,0,0.49286,2,1,0,2,5,0.53604,1,3,5,0,0,73.139,29
175,0,0.47842,2,1,0,2,5,0.73532,1,4,5,0,0,73.875,30
176,0,0.51178,3,1,0,3,4,0.040532,1,5,5,0,0,73.915,31
177,0,0.4946,2,1,0,2,5,0.94835,1,6,5,0,0,74.864,32
178,0,0.49089,3,1,0,3,4,0.019572,1,7,5,0,0,74.883,33
179,0,0,1,1,0,0,0,0,1,8,5,1,0,74.883,34
180,0.54992,0.43848,1,1,1,2,5,0.85944,1,8,5,0,0,75.743,35
181,0,0.6199,3,1,0,3,4,0.75218,1,9,4,0,0,76.495,0
182,0.72626,0.40605,1,1,2,3,4,0.59199,1,10,4,0,0,77.087,1
183,0.46134,0.56121,1,1,2,3,5,0.55953,0,0,4,0,0,77.646,2
184,0.39774,0.49132,1,1,2,3,5,0.31956,0,1,4,0,0,77.966,3
185,0.49585,0.47365,1,1,1,2,4,0.42244,0,2,4,0,0,78.388,4
186,0.46516,0.49673,1,1,1,2,4,0.67082,0,3,4,0,0,79.059,5
187,0,0.61346,3,1,0,3,5,0.094535,0,4,4,0,0,79.154,6
188,0.56166,0.47466,1,1,1,2,4,0.84427,0,5,4,0,0,79.998,7
189,0,0,2,1,0,2,0,0,0,6,4,0,1,79.998,8
190,0,0.57015,3,1,0,3,5,0.1607,0,6,4,0,0,80.159,9
191,0,0.61147,2,1,0,2,5,0.13824,1,0,4,0,0,80.297,10
192,0,0.45215,2,1,0,2,5,0.016932,1,1,4,0,0,80.314,11
193,0,0.51816,3,1,0,3,4,0.96276,1,2,4,0,0,81.277,12
194,0.67044,0.40459,1,1,1,2,5,0.2324,1,3,4,0,0,81.509,13
195,0.4704,0.46734,1,1,1,2,5,0.28835,1,4,4,0,0,81.797,14
196,0.55997,0.45341,1,1,1,2,5,0.52732,1,5,4,0,0,82.325,15
197,0,0.6335,2,1,0,2,5,0.36235,1,6,4,0,0,82.687,16
198,0.7393,0.41903,1,1,2,3,4,0.70902,1,7,4,0,0,83.396,17
199,0.51315,0.47043,1,1,2,3,4,0.99695,1,8,4,0,0,84.393,18
200,0,0.66094,3,1,0,3,5,0.098074,0,0,4,0,0,84.491,19
201,0,0.69596,2,1,0,2,4,0.94709,0,1,4,0,0,85.438,20
202,0.57794,0.58795,1,1,2,3,5,0.072409,0,2,4,0,0,85.511,21
203,0.72996,0.40648,1,1,1,2,4,0.75853,0,3,4,0,0,86.269,22
204,0.38583,0.64696,1,1,1,2,4,0.60045,0,4,4,0,0,86.87,23
205,0,0.58133,3,1,0,3,5,0.039295,0,5,4,0,0,86.909,24
206,0,0.66696,2,1,0,2,4,0.95722,0,6,4,0,0,87.866,25
207,0,0.46369,2,1,0,2,4,0.97931,0,7,4,0,0,88.845,26
208,0.58865,0.36777,1,1,1,2,4,0.75731,0,8,4,0,0,89.603,27
209,0,0.60563,3,1,0,3,4,0.55091,1,0,4,0,0,90.154,28
210,0.5199,0.54576,1,1,1,2,5,0.25535,1,1,4,0,0,90.409,29
211,0.48033,0.47571,1,1,1,2,5,0.48144,1,2,4,0,0,90.89,30
212,0.44359,0.55709,1,1,1,2,4,0.73262,0,0,4,0,0,91.623,31
213,0,0.52519,2,1,0,2,4,0.52816,0,1,4,0,0,92.151,32
214,0,0.45646,2,1,0,2,4,0.78459,0,2,4,0,0,92.936,33
215,0.4998,0.39534,1,1,1,2,4,0.86499,0,3,4,0,0,93.801,34
216,0,0.48327,2,1,0,2,5,0.25864,1,0,4,0,0,94.059,35
217,0.66825,0.45695,1,1,1,2,5,0.74777,1,1,5,0,0,94.807,0
218,0.35609,0.45836,1,1,1,2,5,0.79252,1,2,5,0,0,95.6,1
219,0,0.63351,3,1,0,3,5,0.87778,0,0,5,0,0,96.477,2
220,0,0.57251,3,1,0,3,5,0.98515,0,1,5,0,0,97.463,3
221,0.61156,0.3735,1,1,2,3,5,0.96787,0,2,5,0,0,98.43,4
222,0.4068,0.49887,1,1,2,3,5,0.98433,0,3,5,0,0,99.415,5
223,0.44914,0.4476,1,1,2,3,4,0.012242,1,0,5,0,0,99.427,6
224,0,0.61751,2,1,0,2,5,0.75495,1,1,5,0,0,100.18,7
225,0.51783,0.41776,1,1,2,3,4,0.2359,1,2,5,0,0,100.42,8
226,0.40527,0.45956,1,1,2,3,4,0.10135,1,3,5,0,0,100.52,9
227,0.45604,0.46402,1,1,1,2,4,0.21303,0,0,5,0,0,100.73,10
228,0.4774,0.45467,1,1,2,3,5,0.9844,0,1,5,0,0,101.72,11
229,0.55368,0.5147,1,1,2,3,5,0.83643,0,2,5,0,0,102.55,12
230,0,0.71715,2,1,0,2,4,0.041952,0,3,5,0,0,102.6,13
231,0,0.47049,2,1,0,2,5,0.89885,1,0,5,0,0,103.49,14
232,0.62846,0.396,1,1,2,3,4,0.22847,1,1,5,0,0,103.72,15
233,0.43845,0.6311,1,1,2,3,4,0.23203,1,2,5,0,0,103.95,16
234,0,0.65396,3,1,0,3,4,0.12065,1,3,5,0,0,104.08,17
235,0,0,1,1,0,0,0,0,1,4,5,1,0,104.08,18
236,0.47125,0.40554,1,1,1,2,5,0.9201,1,4,5,0,0,105,19
237,0.49657,0.38062,1,1,1,2,5,0.78479,1,5,5,0,0,105.78,20
238,0.47025,0.41467,1,1,1,2,4,0.009847,0,0,5,0,0,105.79,21
239,0,0.57083,3,1,0,3,5,0.78687,0,1,5,0,0,106.58,22
240,0.4712,0.51694,1,1,1,2,4,0.29338,0,2,5,0,0,106.87,23
241,0.5054,0.45231,1,1,1,2,4,0.25222,0,3,5,0,0,107.12,24
242,0.5142,0.55355,1,1,1,2,5,0.67148,1,0,5,0,0,107.79,25
243,0,0.68924,3,1,0,3,4,0.25059,1,1,5,0,0,108.04,26
244,0,0,2,1,0,2,0,0,1,2,5,0,1,108.04,27
245,0.58349,0.36892,1,1,1,2,5,0.68509,1,2,5,0,0,108.73,28
246,0,0.56654,2,1,0,2,4,0.27515,0,0,5,0,0,109,29
247,0,0.42576,2,1,0,2,4,0.44339,0,1,5,0,0,109.45,30
248,0.6516,0.41809,1,1,2,3,5,0.58438,0,2,5,0,0,110.03,31
249,0,0.57191,3,1,0,3,5,0.35438,0,3,5,0,0,110.39,32
250,0.55801,0.41423,1,1,1,2,4,0.36187,0,4,5,0,0,110.75,33
251,0,0.55894,2,1,0,2,5,0.99375,1,0,5,0,0,111.74,34
252,0.44996,0.39941,1,1,1,2,5,0.98081,1,1,5,0,0,112.72,35
253,0.42275,0.43799,1,1,1,2,5,0.14639,1,2,4,0,0,112.87,0
254,0,0.55357,3,1,0,3,4,0.61038,1,3,4,0,0,113.48,1
255,0,0,1,1,0,0,0,0,1,4,4,1,0,113.48,2
256,0.48419,0.38364,1,1,1,2,5,0.53931,1,4,4,0,0,114.02,3
257,0,0,3,1,0,3,0,0,1,5,4,0,1,114.02,4
258,0,0,1,1,0,0,0,0,1,5,4,1,0,114.02,5
259,0.41744,0.37385,1,1,1,2,5,0.066381,1,5,4,0,0,114.09,6
260,0.48758,0.41148,1,1,2,3,5,0.10313,0,0,4,0,0,114.19,7
261,0.38656,0.45694,1,1,2,3,5,0.28109,0,1,4,0,0,114.47,8
262,0,0,2,1,0,2,0,0,0,2,4,1,0,114.47,9
263,0.63603,0.33216,1,1,1,2,4,0.16039,0,2,4,0,0,114.63,10
264,0.41368,0.43151,1,1,1,2,5,0.82062,1,0,4,0,0,115.45,11
265,0.40386,0.41536,1,1,1,2,5,0.65387,1,1,4,0,0,116.1,12
266,0,0.64591,3,1,0,3,4,0.59841,1,2,4,0,0,116.7,13
267,0.46129,0.46003,1,1,1,2,4,0.54948,0,0,4,0,0,117.25,14
268,0.44633,0.51196,1,1,1,2,4,0.61451,0,1,4,0,0,117.87,15
269,0.38726,0.36516,1,1,1,2,4,0.31034,0,2,4,0,0,118.18,16
270,0,0.61085,2,1,0,2,4,0.81681,0,3,4,0,0,118.99,17
271,0.49678,0.45915,1,1,1,2,4,0.80937,0,4,4,0,0,119.8,18
272,0.47706,0.48336,1,1,1,2,5,0.36126,1,0,4,0,0,120.16,19
273,0,0.54894,2,1,0,2,5,0.30977,1,1,4,0,0,120.47,20
274,0,0.63033,3,1,0,3,4,0.59786,1,2,4,0,0,121.07,21
275,0,0.45887,3,1,0,3,4,0.84761,1,3,4,0,0,121.92,22
276,0,0.52287,3,1,0,3,5,0.23862,0,0,4,0,0,122.16,23
277,0,0.63557,2,1,0,2,4,0.88667,0,1,4,0,0,123.05,24
278,0,0.54215,2,1,0,2,4,0.71531,0,2,4,0,0,123.76,25
279,0,0.65817,3,1,0,3,5,0.027482,0,3,4,0,0,123.79,26
280,0,0,1,1,0,0,0,0,0,4,4,1,0,123.79,27
281,0.49613,0.40707,1,1,1,2,4,0.68689,0,4,4,0,0,124.48,28
282,0.40946,0.43168,1,1,1,2,5,0.38112,1,0,4,0,0,124.86,29
283,0.40422,0.6546,1,1,1,2,5,0.46018,1,1,4,0,0,125.32,30
284,0,0.69111,3,1,0,3,4,0.56589,1,2,4,0,0,125.88,31
285,0.56468,0.39573,1,1,1,2,4,0.80424,0,0,4,0,0,126.69,32
286,0.47542,0.40329,1,1,1,2,4,0.6235,0,1,4,0,0,127.31,33
287,0,0.50771,2,1,0,2,4,0.63231,0,2,4,0,0,127.94,34
288,0,0.61485,3,1,0,3,5,0.27615,0,3,4,0,0,128.22,35
289,0,0.45921,3,1,0,3,5,0.93493,0,4,5,0,0,129.15,0
290,0,0.49576,2,1,0,2,4,0.14907,0,5,5,0,0,129.3,1
291,0.49867,0.36907,1,1,2,3,4,0.055203,1,0,5,0,0,129.36,2
292,0.553,0.4109,1,1,1,2,5,0.8989,1,1,5,0,0,130.26,3
293,0.45826,0.49763,1,1,1,2,5,0.73517,1,2,5,0,0,130.99,4
294,0.54939,0.38391,1,1,1,2,5,0.79287,1,3,5,0,0,131.78,5
295,0,0.56394,3,1,0,3,5,0.60254,0,0,5,0,0,132.39,6
296,0,0.54563,3,1,0,3,5,0.54772,0,1,5,0,0,132.93,7
297,0,0.52041,3,1,0,3,5,0.89482,0,2,5,0,0,133.83,8
298,0.63605,0.39581,1,1,1,2,4,0.27221,0,3,5,0,0,134.1,9
299,0,0.58706,3,1,0,3,5,0.77371,0,4,5,0,0,134.88,10
300,0,0.63583,2,1,0,2,5,0.73125,1,0,5,0,0,135.61,11
301,0,0.64704,3,1,0,3,4,0.25124,1,1,5,0,0,135.86,12
302,0.49293,0.56057,1,1,2,3,4,0.35916,1,2,5,0,0,136.22,13
303,0.48084,0.56243,1,1,2,3,5,0.52652,0,0,5,0,0,136.74,14
304,0,0.4932,3,1,0,3,5,0.53928,0,1,5,0,0,137.28,15
305,0,0.54967,3,1,0,3,5,0.68601,0,2,5,0,0,137.97,16
306,0,0.54797,3,1,0,3,4,0.014656,1,0,5,0,0,137.98,17
307,0,0.55352,3,1,0,3,4,0.025269,1,1,5,0,0,138.01,18
308,0,0.54605,3,1,0,3,4,0.074202,1,2,5,0,0,138.08,19
309,0.68601,0.60551,1,1,2,3,4,0.22456,1,3,5,0,0,138.31,20
310,0,0.59389,2,1,0,2,5,0.84919,1,4,5,0,0,139.16,21
311,0.45802,0.4685,1,1,1,2,5,0.9416,1,5,5,0,0,140.1,22
312,0.47754,0.47413,1,1,1,2,4,0.025726,0,0,5,0,0,140.12,23
313,0.41089,0.49026,1,1,1,2,4,0.015991,0,1,5,0,0,140.14,24
314,0.54189,0,1,1,1,2,0,0,0,2,5,1,0,140.14,25
315,0,0.62392,2,1,0,2,4,0.49352,0,2,5,0,0,140.63,26
316,0.52303,0.41935,1,1,2,3,5,0.65306,0,3,5,0,0,141.29,27
317,0,0.51369,3,1,0,3,5,0.5783,0,4,5,0,0,141.87,28
318,0.63688,0.4517,1,1,2,3,5,0.81973,0,5,5,0,0,142.68,29
319,0.44173,0.45925,1,1,2,3,4,0.23227,1,0,5,0,0,142.92,30
320,0,0.69898,2,1,0,2,5,0.7772,1,1,5,0,0,143.69,31
321,0,0,1,1,0,0,0,0,1,2,5,1,0,143.69,32
322,0,0.58757,3,1,0,3,4,0.056868,1,2,5,0,0,143.75,33
323,0,0.54041,2,1,0,2,4,0.012149,0,0,5,0,0,143.76,34
324,0,0.47216,3,1,0,3,5,0.9802,0,1,5,0,0,144.74,35
325,0,0,2,1,0,2,0,0,0,2,4,0,1,144.74,0
326,0.66422,0.52912,1,1,2,3,5,0.10368,0,2,4,0,0,144.85,1
327,0.42635,0.37937,1,1,2,3,4,0.93482,1,0,4,0,0,145.78,2
328,0.49158,0.41449,1,1,2,3,4,0.90663,1,1,4,0,0,146.69,3
329,0,0.55728,3,1,0,3,4,0.99553,1,2,4,0,0,147.68,4
330,0.57249,0.45437,1,1,2,3,4,0.7595,1,3,4,0,0,148.44,5
331,0.53297,0.48122,1,1,2,3,4,0.92165,1,4,4,0,0,149.37,6
332,0.50501,0.48958,1,1,2,3,5,0.11459,0,0,4,0,0,149.48,7
333,0,0.5292,3,1,0,3,5,0.21597,0,1,4,0,0,149.7,8
334,0.47999,0.44065,1,1,2,3,5,0.096792,0,2,4,0,0,149.79,9
335,0,0.61211,2,1,0,2,5,0.18395,1,0,4,0,0,149.98,10
336,0.53816,0.39806,1,1,1,2,5,0.009123,1,1,4,0,0,149.99,11
337,0.4583,0.44082,1,1,2,3,4,0.99938,1,2,4,0,0,150.99,12
338,0.46067,0.43865,1,1,2,3,4,0.92082,1,3,4,0,0,151.91,13
339,0.54518,0.59008,1,1,2,3,4,0.90759,1,4,4,0,0,152.81,14
340,0,0.61394,2,1,0,2,5,0.032674,1,5,4,0,0,152.85,15
341,0,0.55478,3,1,0,3,5,0.066202,0,0,4,0,0,152.91,16
342,0,0,1,1,0,0,0,0,0,1,4,1,0,152.91,17
343,0,0.59666,3,1,0,3,5,0.1816,0,1,4,0,0,153.09,18
344,0.49998,0.45115,1,1,2,3,5,0.07285,0,2,4,0,0,153.17,19
345,0.50244,0.4872,1,1,2,3,5,0.067518,0,3,4,0,0,153.23,20
346,0.46708,0.55819,1,1,2,3,4,0.86781,1,0,4,0,0,154.1,21
347,0,0.62743,2,1,0,2,5,0.2047,1,1,4,0,0,154.31,22
348,0.65508,0.45323,1,1,2,3,4,0.65236,1,2,4,0,0,154.96,23
349,0.5707,0.47423,1,1,2,3,5,0.090432,0,0,4,0,0,155.05,24
350,0,0.58578,3,1,0,3,5,0.17145,0,1,4,0,0,155.22,25
351,0.44942,0.39125,1,1,1,2,4,0.76854,0,2,4,0,0,155.99,26
352,0.44702,0.52153,1,1,1,2,4,0.78395,0,3,4,0,0,156.77,27
353,0,0.60148,3,1,0,3,4,0.9186,1,0,4,0,0,157.69,28
354,0.5327,0.45416,1,1,1,2,5,0.005501,1,1,4,0,0,157.7,29
355,0.40265,0.517,1,1,1,2,5,0.057501,1,2,4,0,0,157.76,30
356,0,0.57433,3,1,0,3,5,0.047207,0,0,4,0,0,157.8,31
357,0,0.50918,3,1,0,3,5,0.023166,0,1,4,0,0,157.83,32
358,0,0.61508,2,1,0,2,4,0.82255,0,2,4,0,0,158.65,33
359,0,0.4842,2,1,0,2,4,0.8518,0,3,4,0,0,159.5,34
360,0,0.50435,2,1,0,2,5,0.11668,1,0,4,0,0,159.62,35
361,0,0.60233,3,1,0,3,4,0.080464,1,1,5,0,0,159.7,0
362,0.48341,0.36711,1,1,1,2,5,0.93386,1,2,5,0,0,160.63,1
363,0,0.50743,2,1,0,2,4,0.072272,0,0,5,0,0,160.7,2
364,0,0.61282,3,1,0,3,5,0.96139,0,1,5,0,0,161.66,3
365,0,0.56328,2,1,0,2,4,0.097034,0,2,5,0,0,161.76,4
366,0,0.56148,2,1,0,2,5,0.89557,1,0,5,0,0,162.66,5
367,0,0.45739,2,1,0,2,5,0.9181,1,1,5,0,0,163.58,6
368,0,0.43778,2,1,0,2,5,0.79383,1,2,5,0,0,164.37,7
369,0,0.57282,2,1,0,2,5,0.79539,1,3,5,0,0,165.16,8
370,0,0.58332,3,1,0,3,5,0.82794,0,0,5,0,0,165.99,9
371,0,0.55836,2,1,0,2,4,0.025231,0,1,5,0,0,166.02,10
372,0,0.49401,2,1,0,2,4,0.039751,0,2,5,0,0,166.06,11
373,0,0.51914,2,1,0,2,4,0.00829,0,3,5,0,0,166.07,12
374,0,0.53616,3,1,0,3,5,0.92227,0,4,5,0,0,166.99,13
375,0,0.65627,2,1,0,2,5,0.81308,1,0,5,0,0,167.8,14
376,0,0.41737,2,1,0,2,5,0.66439,1,1,5,0,0,168.47,15
377,0.66207,0.56009,1,1,2,3,4,0.39817,1,2,5,0,0,168.86,16
378,0,0.51616,2,1,0,2,5,0.77959,1,3,5,0,0,169.64,17
379,0,0.60138,3,1,0,3,5,0.91797,0,0,5,0,0,170.56,18
380,0,0.62744,3,1,0,3,5,0.97043,0,1,5,0,0,171.53,19
381,0.67055,0.39338,1,1,2,3,5,0.90748,0,2,5,0,0,172.44,20
382,0,0.55578,3,1,0,3,4,0.012863,1,0,5,0,0,172.45,21
383,0,0.69006,3,1,0,3,4,0.076212,1,1,5,0,0,172.53,22
384,0,0.61958,2,1,0,2,5,0.98266,1,2,5,0,0,173.51,23
385,0,0.55442,3,1,0,3,4,0.008338,1,3,5,0,0,173.52,24
386,0.59711,0.42211,1,1,2,3,4,0.016072,1,4,5,0,0,173.54,25
387,0.47788,0.41979,1,1,1,2,5,0.9924,1,5,5,0,0,174.53,26
388,0.43713,0.48462,1,1,1,2,4,0.033784,0,0,5,0,0,174.56,27
389,0.4405,0.5463,1,1,1,2,4,0.14034,0,1,5,0,0,174.7,28
390,0,0.60266,2,1,0,2,4,0.38223,0,2,5,0,0,175.08,29
391,0,0.57804,3,1,0,3,5,0.46681,0,3,5,0,0,175.55,30
392,0,0.55739,3,1,0,3,5,0.43006,0,4,5,0,0,175.98,31
393,0.72439,0.3869,1,1,1,2,5,0.57783,1,0,5,0,0,176.56,32
394,0.40042,0.39813,1,1,1,2,5,0.8045,1,1,5,0,0,177.36,33
395,0,0.58698,2,1,0,2,5,0.7125,1,2,5,0,0,178.08,34
396,0,0.58547,3,1,0,3,4,0.49606,1,3,5,0,0,178.57,35
397,0,0.57526,2,1,0,2,5,0.44572,1,4,4,0,0,179.02,0
398,0.70281,0.47493,1,1,1,2,5,0.63756,1,5,4,0,0,179.66,1
399,0,0.5344,2,1,0,2,4,0.46451,0,0,4,0,0,180.12,2
400,0.52001,0.61665,1,1,1,2,4,0.38322,0,1,4,0,0,180.5,3
401,0,0.58504,3,1,0,3,5,0.37784,0,2,4,0,0,180.88,4
402,0,0.59453,2,1,0,2,4,0.64435,0,3,4,0,0,181.53,5
403,0,0.53014,2,1,0,2,4,0.80763,0,4,4,0,0,182.33,6
404,0.61507,0.45948,1,1,1,2,4,0.76464,0,5,4,0,0,183.1,7
405,0.43734,0.46429,1,1,1,2,5,0.068181,1,0,4,0,0,183.17,8
406,0,0.55035,2,1,0,2,5,0.18349,1,1,4,0,0,183.35,9
407,0.52001,0.4661,1,1,1,2,5,0.25238,1,2,4,0,0,183.6,10
408,0.4772,0.51098,1,1,1,2,5,0.33592,1,3,4,0,0,183.94,11
409,0.56919,0.46088,1,1,1,2,5,0.32739,1,4,4,0,0,184.26,12
410,0.49666,0.52383,1,1,1,2,5,0.31044,1,5,4,0,0,184.58,13
411,0,0.56013,2,1,0,2,5,0.28486,1,6,4,0,0,184.86,14
412,0,0.49293,2,1,0,2,5,0.005236,1,7,4,0,0,184.87,15
413,0.67016,0.41648,1,1,1,2,5,0.39104,1,8,4,0,0,185.26,16
414,0,0.56493,2,1,0,2,5,0.29637,1,9,4,0,0,185.55,17
415,0,0.61687,3,1,0,3,4,0.82366,1,10,4,0,0,186.38,18
416,0.4241,0.39367,1,1,2,3,5,0.090906,0,0,4,0,0,186.47,19
417,0,0.58671,3,1,0,3,5,0.044384,0,1,4,0,0,186.51,20
418,0.59203,0.52957,1,1,2,3,5,0.05644,0,2,4,0,0,186.57,21
419,0,0.55431,3,1,0,3,5,0.15545,0,3,4,0,0,186.72,22
420,0.63731,0.55741,1,1,2,3,5,0.009346,0,4,4,0,0,186.73,23
421,0,0.61152,2,1,0,2,4,0.95186,0,5,4,0,0,187.68,24
422,0.4523,0.39078,1,1,1,2,4,0.94702,0,6,4,0,0,188.63,25
423,0.44283,0.44128,1,1,1,2,4,0.96603,0,7,4,0,0,189.6,26
424,0,0.60873,2,1,0,2,4,0.93921,0,8,4,0,0,190.54,27
425,0.45505,0.38696,1,1,1,2,4,0.83951,0,9,4,0,0,191.38,28
426,0.62181,0.40899,1,1,1,2,4,0.92981,0,10,4,0,0,192.31,29
427,0,0.56537,3,1,0,3,4,0.99358,1,0,4,0,0,193.3,30
428,0,0.58447,2,1,0,2,5,0.38306,1,1,4,0,0,193.68,31
429,0,0.58012,3,1,0,3,4,0.67265,1,2,4,0,0,194.36,32
430,0.5185,0.50709,1,1,1,2,5,0.13736,1,3,4,0,0,194.49,33
431,0,0.63246,3,1,0,3,4,0.7541,1,4,4,0,0,195.25,34
432,0.47239,0.47972,1,1,2,3,4,0.81053,1,5,4,0,0,196.06,35
433,0.51425,0.446,1,1,2,3,4,0.086054,1,6,5,0,0,196.14,0
434,0,0.60593,2,1,0,2,5,0.58519,1,7,5,0,0,196.73,1
435,0.53786,0.45107,1,1,2,3,4,0.12019,1,8,5,0,0,196.85,2
436,0,0.65924,2,1,0,2,5,0.75612,1,9,5,0,0,197.61,3
437,0,0,3,1,0,3,0,0,1,10,5,0,1,197.61,4
438,0,0.60796,2,1,0,2,5,0.88871,1,10,5,0,0,198.49,5
439,0.44956,0.40832,1,1,1,2,5,0.99011,1,11,5,0,0,199.48,6
440,0.55573,0.44934,1,1,1,2,5,0.98423,1,12,5,0,0,200.47,7
441,0,0.60598,3,1,0,3,5,0.81831,0,0,5,0,0,201.29,8
442,0.47983,0.51439,1,1,1,2,4,0.15615,0,1,5,0,0,201.44,9
443,0,0.67413,2,1,0,2,4,0.44361,0,2,5,0,0,201.89,10
444,0.4584,0.6572,1,1,1,2,4,0.22266,0,3,5,0,0,202.11,11
445,0.453,0.58233,1,1,1,2,4,0.087726,0,4,5,0,0,202.2,12
446,0.51563,0.4158,1,1,2,3,5,0.80114,0,5,5,0,0,203,13
447,0,0.64385,2,1,0,2,4,0.088341,0,6,5,0,0,203.09,14
448,0.68607,0.40353,1,1,2,3,5,0.95769,0,7,5,0,0,204.04,15
449,0,0.54242,2,1,0,2,4,0.12733,0,8,5,0,0,204.17,16
450,0.56451,0.45649,1,1,2,3,5,0.93179,0,9,5,0,0,205.1,17
451,0,0.53391,3,1,0,3,5,0.98057,0,10,5,0,0,206.08,18
452,0.47955,0.38878,1,1,2,3,5,0.92802,0,11,5,0,0,207.01,19
453,0.46272,0.48294,1,1,2,3,5,0.82996,0,12,5,0,0,207.84,20
454,0,0.66162,2,1,0,2,5,0.73841,1,0,5,0,0,208.58,21
455,0.4341,0.4037,1,1,2,3,4,0.3216,1,1,5,0,0,208.9,22
456,0,0.52355,3,1,0,3,4,0.077872,1,2,5,0,0,208.98,23
457,0,0.56453,3,1,0,3,4,0.34482,1,3,5,0,0,209.32,24
458,0.66108,0.38511,1,1,2,3,4,0.32425,1,4,5,0,0,209.65,25
459,0,0.6143,2,1,0,2,5,0.77541,1,5,5,0,0,210.42,26
460,0.60086,0.45084,1,1,1,2,5,0.96345,1,6,5,0,0,211.39,27
461,0.5409,0.53694,1,1,1,2,5,0.85804,1,7,5,0,0,212.25,28
462,0.43854,0.37837,1,1,1,2,5,0.93535,1,8,5,0,0,213.18,29
463,0,0.55185,2,1,0,2,5,0.94687,1,9,5,0,0,214.13,30
464,0,0.58414,3,1,0,3,4,0.083621,1,10,5,0,0,214.21,31
465,0,0,3,1,0,3,0,0,1,11,5,0,1,214.21,32
466,0.59986,0.48109,1,1,1,2,5,0.85797,1,11,5,0,0,215.07,33
467,0.45465,0.50563,1,1,1,2,5,0.85082,1,12,5,0,0,215.92,34
468,0.49431,0.49352,1,1,1,2,5,0.70811,1,13,5,0,0,216.63,35
469,0.5324,0.47953,1,1,1,2,4,0.93747,0,0,4,0,0,217.57,0
470,0.3889,0.40546,1,1,1,2,4,0.97462,0,1,4,0,0,218.54,1
471,0,0.60777,3,1,0,3,5,0.002395,0,2,4,0,0,218.54,2
472,0.4647,0.67572,1,1,1,2,4,0.94468,0,3,4,0,0,219.49,3
473,0,0,3,1,0,3,0,0,0,4,4,1,0,219.49,4
474,0.50769,0.37393,1,1,1,2,4,0.80567,0,4,4,0,0,220.29,5
475,0,0.63035,3,1,0,3,5,0.026159,0,5,4,0,0,220.32,6
476,0.43158,0.36035,1,1,1,2,4,0.65276,0,6,4,0,0,220.97,7
477,0.44607,0.36465,1,1,1,2,4,0.92678,0,7,4,0,0,221.9,8
478,0,0.65647,3,1,0,3,5,0.002599,0,8,4,0,0,221.9,9
479,0.48585,0.38971,1,1,1,2,4,0.9564,0,9,4,0,0,222.86,10
480,0,0.56038,3,1,0,3,5,0.049269,0,10,4,0,0,222.91,11
481,0,0.56509,3,1,0,3,5,0.27294,0,11,4,0,0,223.18,12
482,0,0.57419,3,1,0,3,5,0.36713,0,12,4,0,0,223.55,13
483,0,0.49316,3,1,0,3,4,0.80186,1,0,4,0,0,224.35,14
484,0.66468,0.41324,1,1,1,2,5,0.43637,1,1,4,0,0,224.79,15
485,0.42066,0.54774,1,1,1,2,5,0.074325,1,2,4,0,0,224.86,16
486,0,0.58312,3,1,0,3,4,0.86632,1,3,4,0,0,225.73,17
487,0,0.51531,3,1,0,3,4,0.96191,1,4,4,0,0,226.69,18
488,0,0.52873,2,1,0,2,5,0.061246,1,5,4,0,0,226.75,19
489,0,0,3,1,0,3,0,0,1,6,4,0,1,226.75,20
490,0.53348,0.59776,1,1,2,3,4,0.98058,1,6,4,0,0,227.73,21
491,0.42401,0.37517,1,1,2,3,4,0.97961,1,7,4,0,0,228.71,22
492,0,0.53342,3,1,0,3,4,0.86259,1,8,4,0,0,229.57,23
493,0.46327,0.36931,1,1,2,3,4,0.97456,1,9,4,0,0,230.55,24
494,0.44701,0.47702,1,1,2,3,4,0.94273,1,10,4,0,0,231.49,25
495,0.64985,0.40366,1,1,1,2,5,0.33269,1,11,4,0,0,231.82,26
496,0.38341,0.41978,1,1,2,3,5,0.2298,0,0,4,0,0,232.05,27
497,0,0.70915,2,1,0,2,4,0.57856,0,1,4,0,0,232.63,28
498,0,0.49605,2,1,0,2,4,0.79301,0,2,4,0,0,233.42,29
499,0.6274,0.46972,1,1,2,3,5,0.19647,0,3,4,0,0,233.62,30
500,0.51852,0.45426,1,1,2,3,5,0.043991,0,4,4,0,0,233.66,31
501,0.43363,0.38986,1,1,1,2,4,0.82805,0,5,4,0,0,234.49,32
502,0.4722,0.4137,1,1,1,2,4,0.79722,0,6,4,0,0,235.29,33
503,0,0.72209,3,1,0,3,5,0.38447,0,7,4,0,0,235.67,34
504,0,0.63006,2,1,0,2,4,0.58735,0,8,4,0,0,236.26,35
505,0,0.56865,2,1,0,2,4,0.28181,0,9,5,0,0,236.54,0
506,0,0.61916,2,1,0,2,4,0.050105,0,10,5,0,0,236.59,1
507,0,0.61195,3,1,0,3,5,0.72028,0,11,5,0,0,237.31,2
508,0,0.53925,3,1,0,3,5,0.62879,0,12,5,0,0,237.94,3
509,0,0.55138,2,1,0,2,4,0.16399,0,13,5,0,0,238.11,4
510,0,0.56006,3,1,0,3,4,0.19314,1,0,5,0,0,238.3,5
511,0,0.51367,3,1,0,3,4,0.10115,1,1,5,0,0,238.4,6
512,0.59924,0.36628,1,1,1,2,5,0.95767,1,2,5,0,0,239.36,7
513,0.45592,0.45722,1,1,1,2,5,0.79763,1,3,5,0,0,240.16,8
514,0,0.56043,3,1,0,3,4,0.32511,1,4,5,0,0,240.48,9
515,0,0.56069,2,1,0,2,5,0.79157,1,5,5,0,0,241.27,10
516,0,0.47737,2,1,0,2,5,0.97756,1,6,5,0,0,242.25,11
517,0.75056,0.38981,1,1,1,2,5,0.9004,1,7,5,0,0,243.15,12
518,0,0.55661,2,1,0,2,5,0.99043,1,8,5,0,0,244.14,13
519,0.47209,0.43484,1,1,1,2,5,0.96316,1,9,5,0,0,245.1,14
520,0,0.70238,3,1,0,3,4,0.010023,1,10,5,0,0,245.11,15
521,0.50422,0.48919,1,1,1,2,5,0.96118,1,11,5,0,0,246.07,16
522,0,0,2,1,0,2,0,0,1,12,5,1,0,246.07,17
523,0,0.45591,2,1,0,2,5,0.96274,1,12,5,0,0,247.04,18
524,0.49909,0.52975,1,1,1,2,5,0.82602,1,13,5,0,0,247.86,19
525,0.46562,0.4218,1,1,1,2,4,0.5362,0,0,5,0,0,248.4,20
526,0,0.56508,2,1,0,2,4,0.32537,0,1,5,0,0,248.72,21
527,0,0.5819,3,1,0,3,5,0.60798,0,2,5,0,0,249.33,22
528,0,0.4995,2,1,0,2,4,0.11506,0,3,5,0,0,249.45,23
529,0,0.59479,3,1,0,3,5,0.97937,0,4,5,0,0,250.43,24
530,0.43997,0.42211,1,1,2,3,5,0.9207,0,5,5,0,0,251.35,25
531,0,0.619,3,1,0,3,5,0.82748,0,6,5,0,0,252.18,26
532,0.65343,0.43237,1,1,2,3,5,0.84395,0,7,5,0,0,253.02,27
533,0,0.54795,3,1,0,3,5,0.59965,0,8,5,0,0,253.62,28
534,0.60379,0.48536,1,1,2,3,5,0.56688,0,9,5,0,0,254.19,29
535,0.53586,0.39519,1,1,2,3,5,0.74888,0,10,5,0,0,254.93,30
536,0.46486,0.44734,1,1,2,3,4,0.008165,1,0,5,0,0,254.94,31
537,0.5882,0.41184,1,1,2,3,4,0.018783,1,1,5,0,0,254.96,32
538,0,0.63703,2,1,0,2,5,0.98903,1,2,5,0,0,255.95,33
539,0,0.65398,3,1,0,3,4,0.021107,1,3,5,0,0,255.97,34
540,0.46571,0.42608,1,1,1,2,5,0.76564,1,4,5,0,0,256.74,35
541,0,0.61695,2,1,0,2,5,0.22134,1,5,4,0,0,256.96,0
542,0,0.56477,3,1,0,3,4,0.75762,1,6,4,0,0,257.72,1
543,0,0.6181,3,1,0,3,4,0.71196,1,7,4,0,0,258.43,2
544,0,0.63572,2,1,0,2,5,0.22091,1,8,4,0,0,258.65,3
545,0.43815,0.55579,1,1,2,3,4,0.98633,1,9,4,0,0,259.64,4
546,0,0,3,1,0,3,0,0,1,10,4,0,1,259.64,5
547,0.58399,0.34249,1,1,2,3,4,0.85731,1,10,4,0,0,260.49,6
548,0.50455,0.43037,1,1,2,3,4,0.81849,1,11,4,0,0,261.31,7
549,0,0.52329,3,1,0,3,5,0.11334,0,0,4,0,0,261.42,8
550,0.51977,0.38488,1,1,2,3,5,0.014224,0,1,4,0,0,261.44,9
551,0,0.45925,3,1,0,3,5,0.013432,0,2,4,0,0,261.45,10
552,0,0.67954,2,1,0,2,4,0.97117,0,3,4,0,0,262.42,11
553,0.42367,0.36278,1,1,1,2,4,0.96365,0,4,4,0,0,263.39,12
554,0,0.70489,2,1,0,2,4,0.95697,0,5,4,0,0,264.34,13
555,0,0.553,2,1,0,2,4,0.70486,0,6,4,0,0,265.05,14
556,0,0.52699,2,1,0,2,4,0.96781,0,7,4,0,0,266.02,15
557,0,0.54136,3,1,0,3,5,0.17377,0,8,4,0,0,266.19,16
558,0.65895,0.37238,1,1,1,2,4,0.98201,0,9,4,0,0,267.17,17
559,0.68132,0.46029,1,1,1,2,4,0.99045,0,10,4,0,0,268.16,18
560,0,0.66422,3,1,0,3,5,0.097757,0,11,4,0,0,268.26,19
561,0.48237,0.47321,1,1,1,2,5,0.031462,1,0,4,0,0,268.29,20
562,0,0.56942,3,1,0,3,4,0.78769,1,1,4,0,0,269.08,21
563,0.49617,0.54526,1,1,1,2,5,0.024676,1,2,4,0,0,269.1,22
564,0.60094,0.38038,1,1,1,2,5,0.057045,1,3,4,0,0,269.16,23
565,0.48278,0.40195,1,1,2,3,4,0.77463,1,4,4,0,0,269.94,24
566,0.50499,0.44238,1,1,2,3,4,0.78439,1,5,4,0,0,270.72,25
567,0.44672,0.4732,1,1,2,3,4,0.95264,1,6,4,0,0,271.67,26
568,0.47758,0.38367,1,1,2,3,4,0.88776,1,7,4,0,0,272.56,27
569,0,0.70671,2,1,0,2,5,0.024131,1,8,4,0,0,272.59,28
570,0.65147,0.36112,1,1,2,3,4,0.87095,1,9,4,0,0,273.46,29
571,0.5124,0.42231,1,1,2,3,4,0.76938,1,10,4,0,0,274.23,30
572,0,0.70378,3,1,0,3,4,0.89206,1,11,4,0,0,275.12,31
573,0,0.60529,2,1,0,2,5,0.14962,1,12,4,0,0,275.27,32
574,0,0.49422,3,1,0,3,5,0.10445,0,0,4,0,0,275.37,33
575,0.52992,0.3827,1,1,2,3,5,0.26755,0,1,4,0,0,275.64,34
576,0,0.60505,2,1,0,2,4,0.94509,0,2,4,0,0,276.58,35
577,0,0.71633,3,1,0,3,5,0.83173,0,3,5,0,0,277.42,0
578,0,0.56067,3,1,0,3,5,0.83398,0,4,5,0,0,278.25,1
579,0,0.53592,3,1,0,3,5,0.57471,0,5,5,0,0,278.83,2
580,0,0.48162,3,1,0,3,5,0.52092,0,6,5,0,0,279.35,3
581,0,0.52928,2,1,0,2,4,0.57067,0,7,5,0,0,279.92,4
582,0,0.49975,3,1,0,3,5,0.61026,0,8,5,0,0,280.53,5
583,0,0.48185,3,1,0,3,5,0.49092,0,9,5,0,0,281.02,6
584,0,0.60132,2,1,0,2,4,0.63886,0,10,5,0,0,281.66,7
585,0,0.5407,3,1,0,3,5,0.53951,0,11,5,0,0,282.2,8
586,0,0.50328,3,1,0,3,4,0.48402,1,0,5,0,0,282.68,9
587,0,0,1,1,0,0,0,0,1,1,5,1,0,282.68,10
588,0,0.5775,3,1,0,3,4,0.96733,1,1,5,0,0,283.65,11
589,0,0.72385,3,1,0,3,4,0.99446,1,2,5,0,0,284.64,12
590,0,0.48589,3,1,0,3,4,0.73623,1,3,5,0,0,285.38,13
591,0.50158,0.41612,1,1,2,3,4,0.62085,1,4,5,0,0,286,14
592,0,0.5086,3,1,0,3,4,0.46651,1,5,5,0,0,286.47,15
593,0.45398,0.36425,1,1,2,3,4,0.18089,1,6,5,0,0,286.65,16
594,0,0.59215,3,1,0,3,4,0.41642,1,7,5,0,0,287.06,17
595,0,0.56519,2,1,0,2,5,0.64741,1,8,5,0,0,287.71,18
596,0,0,3,1,0,3,0,0,1,9,5,0,1,287.71,19
597,0.47399,0.38008,1,1,1,2,5,0.66533,1,9,5,0,0,288.38,20
598,0,0.57279,2,1,0,2,5,0.30059,1,10,5,0,0,288.68,21
599,0,0.59077,3,1,0,3,4,0.8106,1,11,5,0,0,289.49,22
600,0,0.54265,2,1,0,2,5,0.57963,1,12,5,0,0,290.07,23
