1,0,0,1,1,0,0,0,0,0,0,5,1,0,0,0
2,0,0,1,1,0,0,0,0,0,0,5,1,0,0,1
3,0,0,3,1,0,3,0,0,0,0,5,1,0,0,2
4,0,0,1,1,0,0,0,0,0,0,5,1,0,0,3
5,0.45903,0.52756,1,1,1,2,4,0.51938,0,0,5,0,0,0.51938,4
6,0,0,2,1,0,2,0,0,0,1,5,1,0,0.51938,5
7,0.56795,0.35113,1,1,1,2,4,0.62164,0,1,5,0,0,1.141,6
8,0,0.62773,3,1,0,3,5,0.35076,0,2,5,0,0,1.4918,7
9,0,0,1,1,0,0,0,0,1,0,5,1,0,1.4918,8
10,0,0,3,1,0,3,0,0,1,0,5,1,0,1.4918,9
11,0.45214,0.37337,1,1,1,2,5,0.82314,1,0,5,0,0,2.3149,10
12,0,0,2,1,0,2,0,0,1,1,5,0,1,2.3149,11
13,0,0.64826,3,1,0,3,4,0.048608,1,1,5,0,0,2.3635,12
14,0.49838,0.45459,1,1,1,2,5,0.99709,1,2,5,0,0,3.3606,13
15,0.73877,0.34489,1,1,1,2,5,0.97318,1,3,5,0,0,4.3338,14
16,0,0.69622,2,1,0,2,5,0.80798,1,4,5,0,0,5.1418,15
17,0.5407,0,1,1,1,2,0,0,1,5,5,0,1,5.1418,16
18,0,0,3,1,0,3,0,0,1,5,5,1,0,5.1418,17
19,0.69774,0,1,1,1,2,0,0,1,5,5,0,1,5.1418,18
20,0.51537,0.38056,1,1,1,2,5,0.89116,1,5,5,0,0,6.0329,19
21,0.58305,0.45968,1,1,1,2,4,0.12079,0,0,5,0,0,6.1537,20
22,0,0.70965,2,1,0,2,4,0.2642,0,1,5,0,0,6.4179,21
23,0,0.58496,3,1,0,3,5,0.86502,0,2,5,0,0,7.2829,22
24,0,0.68173,2,1,0,2,4,0.14957,0,3,5,0,0,7.4325,23
25,0,0.6676,2,1,0,2,4,0.3705,0,4,5,0,0,7.803,24
26,0,0.58755,3,1,0,3,4,0.048788,1,0,5,0,0,7.8518,25
27,0,0,1,1,0,0,0,0,1,1,5,1,0,7.8518,26
28,0,0,1,1,0,0,0,0,1,1,5,1,0,7.8518,27
29,0,0.66936,3,1,0,3,4,0.05668,1,1,5,0,0,7.9085,28
30,0.6405,0.49047,1,1,2,3,4,0.006302,1,2,5,0,0,7.9148,29
31,0.73519,0.33225,1,1,1,2,5,0.85942,1,3,5,0,0,8.7742,30
32,0.52688,0.44215,1,1,1,2,5,0.95526,1,4,5,0,0,9.7295,31
33,0,0.57974,3,1,0,3,5,0.95855,0,0,5,0,0,10.688,32
34,0.60247,0.43123,1,1,2,3,5,0.83897,0,1,5,0,0,11.527,33
35,0,0,3,1,0,3,0,0,0,2,5,1,0,11.527,34
36,0.59073,0.39456,1,1,2,3,5,0.87592,0,2,5,0,0,12.403,35
37,0.50556,0.40644,1,1,2,3,5,0.74121,0,3,5,0,0,13.144,36
38,0.48234,0.47298,1,1,2,3,5,0.86928,0,4,5,0,0,14.013,37
39,0.48124,0.57224,1,1,2,3,4,0.001263,1,0,5,0,0,14.015,38
40,0,0.59815,3,1,0,3,4,0.98082,1,1,4,0,0,14.995,0
41,0.46156,0.32279,1,1,2,3,4,0.79871,1,2,4,0,0,15.794,1
42,0.49773,0.47939,1,1,2,3,4,0.87691,1,3,4,0,0,16.671,2
43,0,0.67682,2,1,0,2,4,0.91284,0,0,4,0,0,17.584,3
44,0.45604,0.39503,1,1,1,2,4,0.83518,0,1,4,0,0,18.419,4
45,0,0,1,1,0,0,0,0,0,2,4,1,0,18.419,5
46,0.48029,0.42721,1,1,1,2,4,0.71786,0,2,4,0,0,19.137,6
47,0,0.63106,3,1,0,3,5,0.10855,0,3,4,0,0,19.246,7
48,0,0.56557,3,1,0,3,4,0.74084,1,0,4,0,0,19.986,8
49,0,0.54776,3,1,0,3,4,0.92348,1,1,4,0,0,20.91,9
50,0,0.56837,3,1,0,3,4,0.91055,1,2,4,0,0,21.82,10
51,0,0.5285,3,1,0,3,4,0.95959,1,3,4,0,0,22.78,11
52,0,0.64837,2,1,0,2,5,0.27581,1,4,4,0,0,23.056,12
53,0,0,1,1,0,0,0,0,1,5,4,1,0,23.056,13
54,0,0,2,1,0,2,0,0,1,5,4,1,0,23.056,14
55,0,0,3,1,0,3,0,0,1,5,4,1,0,23.056,15
56,0,0,1,1,0,0,0,0,1,5,4,1,0,23.056,16
57,0.60263,0.43771,1,1,2,3,4,0.50437,1,5,4,0,0,23.56,17
58,0.46088,0.30127,1,1,2,3,5,0.16201,0,0,4,0,0,23.722,18
59,0.63304,0.34125,1,1,2,3,5,0.11586,0,1,4,0,0,23.838,19
60,0.57087,0.32215,1,1,1,2,4,0.77553,0,2,4,0,0,24.614,20
61,0.63509,0.44011,1,1,1,2,4,0.92379,0,3,4,0,0,25.537,21
62,0,0,3,1,0,3,0,0,1,0,4,1,0,25.537,22
63,0,0.70513,2,1,0,2,5,0.15494,1,0,4,0,0,25.692,23
64,0,0.60371,3,1,0,3,4,0.85369,1,1,4,0,0,26.546,24
65,0,0.57493,3,1,0,3,4,0.75018,1,2,4,0,0,27.296,25
66,0.67292,0.38169,1,1,2,3,4,0.54109,1,3,4,0,0,27.837,26
67,0,0.54989,3,1,0,3,4,0.47952,1,4,4,0,0,28.317,27
68,0.61417,0.36086,1,1,2,3,5,0.34017,0,0,4,0,0,28.657,28
69,0,0.61406,2,1,0,2,4,0.89209,0,1,4,0,0,29.549,29
70,0.4769,0.28638,1,1,1,2,4,0.65548,0,2,4,0,0,30.205,30
71,0,0.60013,2,1,0,2,5,0.030775,1,0,4,0,0,30.235,31
72,0.63365,0.34528,1,1,2,3,4,0.91574,1,1,4,0,0,31.151,32
73,0,0.68861,2,1,0,2,5,0.088557,1,2,4,0,0,31.24,33
74,0.49704,0.37531,1,1,2,3,4,0.91075,1,3,4,0,0,32.15,34
75,0.52043,0.41175,1,1,2,3,4,0.79305,1,4,4,0,0,32.943,35
76,0,0.59158,2,1,0,2,5,0.31498,1,5,4,0,0,33.258,36
77,0.46323,0.26579,1,1,2,3,5,0.60661,0,0,4,0,0,33.865,37
78,0.56199,0.31336,1,1,1,2,4,0.83061,0,1,4,0,0,34.696,38
79,0,0.57659,3,1,0,3,5,0.96827,0,2,5,0,0,35.664,0
80,0.69238,0.37383,1,1,2,3,5,0.87456,0,3,5,0,0,36.538,1
81,0,0,3,1,0,3,0,0,0,4,5,1,0,36.538,2
82,0,0.71842,2,1,0,2,4,0.078806,0,4,5,0,0,36.617,3
83,0,0.66901,2,1,0,2,4,0.34881,0,5,5,0,0,36.966,4
84,0.56887,0.34575,1,1,2,3,4,0.19828,1,0,5,0,0,37.164,5
85,0.59903,0.33723,1,1,1,2,5,0.85981,1,1,5,0,0,38.024,6
86,0.55105,0,1,1,2,3,0,0,1,2,5,0,1,38.024,7
87,0,0,2,1,0,2,0,0,1,2,5,1,0,38.024,8
88,0,0,2,1,0,2,0,0,1,2,5,1,0,38.024,9
89,0,0,1,1,0,0,0,0,1,2,5,1,0,38.024,10
90,0,0,1,1,0,0,0,0,1,2,5,1,0,38.024,11
91,0.51816,0.44322,1,1,2,3,4,0.29503,1,2,5,0,0,38.319,12
92,0,0.60944,3,1,0,3,4,0.18437,1,3,5,0,0,38.504,13
93,0,0.56046,3,1,0,3,5,0.7876,0,0,5,0,0,39.291,14
94,0,0.5963,3,1,0,3,5,0.93515,0,1,5,0,0,40.226,15
95,0,0.53167,3,1,0,3,5,0.6586,0,2,5,0,0,40.885,16
96,0,0.52095,3,1,0,3,5,0.85258,0,3,5,0,0,41.737,17
97,0,0.48901,3,1,0,3,5,0.77795,0,4,5,0,0,42.515,18
98,0.51677,0.33866,1,1,2,3,4,0.23807,1,0,5,0,0,42.753,19
99,0.46833,0.43323,1,1,1,2,5,0.88757,1,1,5,0,0,43.641,20
100,0,0.68942,3,1,0,3,4,0.090944,1,2,5,0,0,43.732,21
101,0.52937,0.4749,1,1,1,2,4,0.047218,0,0,5,0,0,43.779,22
102,0,0.596,2,1,0,2,4,0.002217,0,1,5,0,0,43.781,23
103,0.4486,0.39008,1,1,2,3,5,0.80708,0,2,5,0,0,44.589,24
104,0.43484,0.30828,1,1,2,3,5,0.94633,0,3,5,0,0,45.535,25
105,0,0,3,1,0,3,0,0,0,4,5,1,0,45.535,26
106,0,0.4665,3,1,0,3,5,0.71493,0,4,5,0,0,46.25,27
107,0,0.56286,2,1,0,2,5,0.93086,1,0,5,0,0,47.181,28
108,0,0.49797,2,1,0,2,5,0.86928,1,1,5,0,0,48.05,29
109,0,0,1,1,0,0,0,0,1,2,5,1,0,48.05,30
110,0.50661,0.37762,1,1,2,3,4,0.12671,1,2,5,0,0,48.177,31
111,0,0.6861,3,1,0,3,5,0.85227,0,0,5,0,0,49.029,32
112,0,0.63558,2,1,0,2,4,0.19616,0,1,5,0,0,49.225,33
113,0,0.53462,3,1,0,3,5,0.9515,0,2,5,0,0,50.177,34
114,0,0.44928,3,1,0,3,4,0.061761,1,0,5,0,0,50.238,35
115,0.45345,0.36299,1,1,2,3,4,0.000673,1,1,5,0,0,50.239,36
116,0.52053,0.28269,1,1,1,2,5,0.92523,1,2,5,0,0,51.164,37
117,0,0.56033,3,1,0,3,4,0.051019,1,3,5,0,0,51.215,38
118,0.64474,0.44228,1,1,2,3,4,0.99892,1,4,4,0,0,52.214,0
119,0.40096,0.35497,1,1,1,2,5,0.024523,1,5,4,0,0,52.239,1
120,0.59418,0.2665,1,1,1,2,4,0.91746,0,0,4,0,0,53.156,2
121,0.55927,0.31188,1,1,1,2,4,0.72165,0,1,4,0,0,53.878,3
122,0.50553,0.29635,1,1,1,2,4,0.774,0,2,4,0,0,54.652,4
123,0.47596,0.26497,1,1,1,2,4,0.81637,0,3,4,0,0,55.468,5
124,0.4407,0.31101,1,1,1,2,4,0.81047,0,4,4,0,0,56.279,6
125,0.45155,0.27271,1,1,1,2,4,0.80988,0,5,4,0,0,57.089,7
126,0.3544,0.26866,1,1,1,2,5,0.24675,1,0,4,0,0,57.335,8
127,0,0.67207,2,1,0,2,5,0.21277,1,1,4,0,0,57.548,9
128,0.59099,0,1,1,2,3,0,0,1,2,4,0,1,57.548,10
129,0,0.6563,3,1,0,3,4,0.64307,1,2,4,0,0,58.191,11
130,0.54466,0.2709,1,1,2,3,4,0.92491,1,3,4,0,0,59.116,12
131,0.45395,0.25332,1,1,2,3,5,0.18117,0,0,4,0,0,59.297,13
132,0,0.56466,3,1,0,3,5,0.021142,0,1,4,0,0,59.318,14
133,0.45239,0.29688,1,1,2,3,5,0.049806,0,2,4,0,0,59.368,15
134,0,0,2,1,0,2,0,0,0,3,4,0,1,59.368,16
135,0.63458,0,1,1,2,3,0,0,0,3,4,0,1,59.368,17
136,0.58908,0,1,1,1,2,0,0,0,3,4,0,1,59.368,18
137,0,0.66809,2,1,0,2,4,0.8402,0,3,4,0,0,60.208,19
138,0,0.63104,3,1,0,3,4,0.92095,1,0,4,0,0,61.129,20
139,0,0.53049,3,1,0,3,4,0.83916,1,1,4,0,0,61.968,21
140,0,0.6414,2,1,0,2,5,0.008712,1,2,4,0,0,61.977,22
141,0.49407,0.2948,1,1,2,3,4,0.96562,1,3,4,0,0,62.943,23
142,0,0,1,1,0,0,0,0,0,0,4,1,0,62.943,24
143,0,0,1,1,0,0,0,0,0,0,4,1,0,62.943,25
144,0,0.53525,3,1,0,3,5,0.31363,0,0,4,0,0,63.256,26
145,0.66046,0.28219,1,1,1,2,4,0.90767,0,1,4,0,0,64.164,27
146,0,0.62114,3,1,0,3,5,0.11238,0,2,4,0,0,64.276,28
147,0,0.51816,3,1,0,3,5,0.022287,0,3,4,0,0,64.299,29
148,0.6235,0.43657,1,1,1,2,4,0.88306,0,4,4,0,0,65.182,30
149,0,0.60827,2,1,0,2,5,0.18129,1,0,4,0,0,65.363,31
150,0,0.60036,2,1,0,2,5,0.041408,1,1,4,0,0,65.404,32
151,0,0.52925,2,1,0,2,5,0.037438,1,2,4,0,0,65.442,33
152,0.58717,0.32109,1,1,1,2,5,0.11818,1,3,4,0,0,65.56,34
153,0,0.59208,3,1,0,3,4,0.95024,1,4,4,0,0,66.51,35
154,0.53007,0.30861,1,1,2,3,4,0.84266,1,5,4,0,0,67.353,36
155,0.52459,0.28997,1,1,2,3,5,0.22461,0,0,4,0,0,67.578,37
156,0,0.63896,2,1,0,2,4,0.98489,0,1,4,0,0,68.563,38
157,0.65767,0.26024,1,1,1,2,4,0.18648,0,2,5,0,0,68.749,0
158,0,0.57803,3,1,0,3,5,0.92327,0,3,5,0,0,69.672,1
159,0,0.61284,2,1,0,2,4,0.04427,0,4,5,0,0,69.717,2
160,0,0.58304,2,1,0,2,4,0.068637,0,5,5,0,0,69.785,3
161,0,0.61337,3,1,0,3,4,0.07622,1,0,5,0,0,69.861,4
162,0,0,1,1,0,0,0,0,1,1,5,1,0,69.861,5
163,0,0.5695,3,1,0,3,4,0.031467,1,1,5,0,0,69.893,6
164,0.61522,0.29375,1,1,1,2,5,0.95996,1,2,5,0,0,70.853,7
165,0,0.60797,2,1,0,2,5,0.83988,1,3,5,0,0,71.693,8
166,0.55825,0.26086,1,1,1,2,4,0.29407,0,0,5,0,0,71.987,9
167,0.62312,0.31653,1,1,1,2,4,0.1848,0,1,5,0,0,72.172,10
168,0.50682,0.43516,1,1,2,3,5,0.96879,0,2,5,0,0,73.14,11
169,0,0.62807,2,1,0,2,4,0.12668,0,3,5,0,0,73.267,12
170,0.5051,0,1,1,2,3,0,0,1,0,5,0,1,73.267,13
171,0.52025,0.38025,1,1,2,3,4,0.36672,1,0,5,0,0,73.634,14
172,0,0.66572,3,1,0,3,4,0.60783,1,1,5,0,0,74.242,15
173,0.4708,0.48783,1,1,2,3,4,0.13297,1,2,5,0,0,74.375,16
174,0,0,2,1,0,2,0,0,1,3,5,0,1,74.375,17
175,0,0,3,1,0,3,0,0,1,3,5,1,0,74.375,18
176,0.64489,0.43588,1,1,2,3,4,0.44373,1,3,5,0,0,74.818,19
177,0,0.62164,3,1,0,3,4,0.31112,1,4,5,0,0,75.129,20
178,0.56834,0.30225,1,1,1,2,5,0.90036,1,5,5,0,0,76.03,21
179,0.51696,0.30558,1,1,1,2,4,0.051086,0,0,5,0,0,76.081,22
180,0,0.46729,3,1,0,3,5,0.8023,0,1,5,0,0,76.883,23
181,0,0.59951,3,1,0,3,5,0.931,0,2,5,0,0,77.814,24
182,0.51371,0.30771,1,1,2,3,5,0.85738,0,3,5,0,0,78.672,25
183,0.44705,0.35797,1,1,2,3,5,0.88799,0,4,5,0,0,79.56,26
184,0.40659,0.38997,1,1,2,3,4,0.097903,1,0,5,0,0,79.657,27
185,0,0.54526,3,1,0,3,4,0.34406,1,1,5,0,0,80.001,28
186,0.44602,0,1,1,1,2,0,0,1,2,5,0,1,80.001,29
187,0,0.58003,3,1,0,3,4,0.12199,1,2,5,0,0,80.123,30
188,0.43475,0.28129,1,1,1,2,5,0.93967,1,3,5,0,0,81.063,31
189,0.54893,0.30108,1,1,1,2,5,0.88011,1,4,5,0,0,81.943,32
190,0.67586,0.2993,1,1,1,2,4,0.11696,0,0,5,0,0,82.06,33
191,0,0.58024,2,1,0,2,4,0.23828,0,1,5,0,0,82.299,34
192,0,0,1,1,0,0,0,0,0,2,5,1,0,82.299,35
193,0.4633,0.33982,1,1,2,3,5,0.97723,0,2,5,0,0,83.276,36
194,0.43463,0.39701,1,1,2,3,5,0.63609,0,3,5,0,0,83.912,37
195,0.55096,0.45092,1,1,2,3,5,0.76787,0,4,5,0,0,84.68,38
196,0,0.58266,2,1,0,2,5,0.087061,1,0,4,0,0,84.767,0
197,0.63928,0.31261,1,1,2,3,4,0.85528,1,1,4,0,0,85.622,1
198,0.41442,0.34089,1,1,2,3,4,0.56185,1,2,4,0,0,86.184,2
199,0,0.55837,3,1,0,3,4,0.73333,1,3,4,0,0,86.917,3
200,0,0,2,1,0,2,0,0,1,4,4,0,1,86.917,4
201,0,0.56083,2,1,0,2,5,0.031622,1,4,4,0,0,86.949,5
202,0,0.47595,3,1,0,3,4,0.78655,1,5,4,0,0,87.735,6
203,0,0.49278,3,1,0,3,5,0.1255,0,0,4,0,0,87.861,7
204,0,0.47478,3,1,0,3,5,0.099489,0,1,4,0,0,87.96,8
205,0,0.47787,3,1,0,3,5,0.15441,0,2,4,0,0,88.115,9
206,0,0,1,1,0,0,0,0,0,3,4,1,0,88.115,10
207,0.42126,0.20271,1,1,1,2,4,0.9851,0,3,4,0,0,89.1,11
208,0.44869,0.28161,1,1,1,2,4,0.96235,0,4,4,0,0,90.062,12
209,0,0,2,1,0,2,0,0,0,5,4,1,0,90.062,13
210,0,0.57381,3,1,0,3,5,0.022869,0,5,4,0,0,90.085,14
211,0.45849,0.28796,1,1,1,2,4,0.89942,0,6,4,0,0,90.985,15
212,0,0.59308,3,1,0,3,4,0.96681,1,0,4,0,0,91.951,16
213,0,0.59125,2,1,0,2,5,0.043292,1,1,4,0,0,91.995,17
214,0,0.51366,3,1,0,3,4,0.80937,1,2,4,0,0,92.804,18
215,0,0,1,1,0,0,0,0,1,3,4,1,0,92.804,19
216,0.40458,0.26629,1,1,2,3,4,0.867,1,3,4,0,0,93.671,20
217,0,0.42854,3,1,0,3,4,0.87103,1,4,4,0,0,94.542,21
218,0.59898,0.28495,1,1,2,3,4,0.78132,1,5,4,0,0,95.323,22
219,0.53679,0.29384,1,1,2,3,4,0.76484,1,6,4,0,0,96.088,23
220,0,0.65928,2,1,0,2,5,0.27926,1,7,4,0,0,96.367,24
221,0,0.53336,3,1,0,3,4,0.78004,1,8,4,0,0,97.147,25
222,0,0.47767,3,1,0,3,4,0.6695,1,9,4,0,0,97.817,26
223,0,0.47687,3,1,0,3,5,0.17731,0,0,4,0,0,97.994,27
224,0.56602,0.30951,1,1,2,3,5,0.077184,0,1,4,0,0,98.071,28
225,0,0.6044,3,1,0,3,5,0.11395,0,2,4,0,0,98.185,29
226,0.51036,0.22784,1,1,1,2,4,0.8512,0,3,4,0,0,99.037,30
227,0,0.61221,3,1,0,3,5,0.07825,0,4,4,0,0,99.115,31
228,0.43036,0,1,1,2,3,0,0,0,5,4,0,1,99.115,32
229,0.51753,0.28438,1,1,1,2,4,0.6253,0,5,4,0,0,99.74,33
230,0.54488,0.41158,1,1,1,2,4,0.71651,0,6,4,0,0,100.46,34
231,0,0.55714,2,1,0,2,4,0.85888,0,7,4,0,0,101.32,35
232,0.74353,0.35098,1,1,1,2,4,0.7485,0,8,4,0,0,102.06,36
233,0.54086,0.40658,1,1,1,2,5,0.2833,1,0,4,0,0,102.35,37
234,0,0.60165,2,1,0,2,5,0.1488,1,1,4,0,0,102.5,38
235,0.63426,0.37757,1,1,1,2,5,0.93871,1,2,5,0,0,103.43,0
236,0,0.54538,2,1,0,2,5,0.9068,1,3,5,0,0,104.34,1
237,0.67019,0.29695,1,1,1,2,5,0.93237,1,4,5,0,0,105.27,2
238,0,0.6435,3,1,0,3,4,0.037567,1,5,5,0,0,105.31,3
239,0,0.52583,2,1,0,2,5,0.99683,1,6,5,0,0,106.31,4
240,0,0.68169,3,1,0,3,4,0.004361,1,7,5,0,0,106.31,5
241,0,0.50513,3,1,0,3,4,0.15353,1,8,5,0,0,106.47,6
242,0,0.45143,3,1,0,3,4,0.33276,1,9,5,0,0,106.8,7
243,0.54258,0.26622,1,1,1,2,4,0.14418,0,0,5,0,0,106.94,8
244,0.58387,0.35492,1,1,2,3,5,0.74787,0,1,5,0,0,107.69,9
245,0,0.67244,2,1,0,2,4,0.1821,0,2,5,0,0,107.87,10
246,0,0.57025,2,1,0,2,4,0.23402,0,3,5,0,0,108.11,11
247,0,0.52856,3,1,0,3,5,0.98104,0,4,5,0,0,109.09,12
248,0,0.66364,2,1,0,2,4,0.13477,0,5,5,0,0,109.22,13
249,0.55641,0.38753,1,1,2,3,5,0.99773,0,6,5,0,0,110.22,14
250,0,0.59537,2,1,0,2,5,0.9991,1,0,5,0,0,111.22,15
251,0.58306,0.098155,1,1,1,2,5,0.93211,1,1,5,0,0,112.15,16
252,0,0.61099,3,1,0,3,4,0.17658,1,2,5,0,0,112.33,17
253,0,0.60657,2,1,0,2,5,0.86441,1,3,5,0,0,113.19,18
254,0.40874,0.28558,1,1,1,2,5,0.87838,1,4,5,0,0,114.07,19
255,0.43707,0.14524,1,1,1,2,5,0.6753,1,5,5,0,0,114.75,20
256,0,0.50588,3,1,0,3,4,0.36742,1,6,5,0,0,115.11,21
257,0,0,2,1,0,2,0,0,1,7,5,0,1,115.11,22
258,0.63484,0.28808,1,1,1,2,5,0.89396,1,7,5,0,0,116.01,23
259,0,0,1,1,0,0,0,0,0,0,5,1,0,116.01,24
260,0.67751,0.26326,1,1,1,2,4,0.15334,0,0,5,0,0,116.16,25
261,0,0,2,1,0,2,0,0,0,1,5,0,1,116.16,26
262,0.55912,0.3234,1,1,1,2,4,0.081984,0,1,5,0,0,116.24,27
263,0,0,1,1,0,0,0,0,0,2,5,1,0,116.24,28
264,0,0.59472,3,1,0,3,5,0.49588,0,2,5,0,0,116.74,29
265,0.60543,0.17389,1,1,2,3,5,0.31883,0,3,5,0,0,117.06,30
266,0,0,3,1,0,3,0,0,0,4,5,1,0,117.06,31
267,0,0.61892,2,1,0,2,4,0.071329,0,4,5,0,0,117.13,32
268,0,0.57943,2,1,0,2,4,0.007112,0,5,5,0,0,117.14,33
269,0,0.59024,2,1,0,2,4,0.030717,0,6,5,0,0,117.17,34
270,0,0.58356,3,1,0,3,4,0.006469,1,0,5,0,0,117.17,35
271,0,0,1,1,0,0,0,0,1,1,5,1,0,117.17,36
272,0.58831,0.1346,1,1,1,2,5,0.92636,1,1,5,0,0,118.1,37
273,0,0.63331,2,1,0,2,5,0.84967,1,2,5,0,0,118.95,38
274,0,0.51008,2,1,0,2,5,0.062142,1,3,4,0,0,119.01,0
275,0.49624,0.28897,1,1,1,2,5,0.33593,1,4,4,0,0,119.35,1
276,0,0,3,1,0,3,0,0,1,5,4,1,0,119.35,2
277,0.64717,0.28036,1,1,1,2,5,0.23858,1,5,4,0,0,119.59,3
278,0,0,3,1,0,3,0,0,1,6,4,1,0,119.59,4
279,0,0.44795,3,1,0,3,4,0.81167,1,6,4,0,0,120.4,5
280,0,0.46655,3,1,0,3,5,0.37509,0,0,4,0,0,120.77,6
281,0,0.66245,2,1,0,2,4,0.81031,0,1,4,0,0,121.58,7
282,0,0,2,1,0,2,0,0,0,2,4,0,1,121.58,8
283,0,0,2,1,0,2,0,0,0,2,4,0,1,121.58,9
284,0,0.54153,3,1,0,3,5,0.00655,0,2,4,0,0,121.59,10
285,0,0.56393,2,1,0,2,4,0.93542,0,3,4,0,0,122.53,11
286,0,0,1,1,0,0,0,0,0,4,4,1,0,122.53,12
287,0.43294,0.25544,1,1,2,3,5,0.071279,0,4,4,0,0,122.6,13
288,0.58708,0.15413,1,1,1,2,4,0.83523,0,5,4,0,0,123.43,14
289,0.66714,0.2562,1,1,1,2,4,0.66226,0,6,4,0,0,124.09,15
290,0,0.62709,3,1,0,3,5,0.35152,0,7,4,0,0,124.45,16
291,0,0,2,1,0,2,0,0,0,8,4,1,0,124.45,17
292,0.66123,0.24724,1,1,1,2,4,0.84156,0,8,4,0,0,125.29,18
293,0.66244,0.23608,1,1,1,2,5,0.2123,1,0,4,0,0,125.5,19
294,0,0.58638,2,1,0,2,5,0.054784,1,1,4,0,0,125.55,20
295,0,0.65495,3,1,0,3,4,0.79101,1,2,4,0,0,126.35,21
296,0,0.5798,3,1,0,3,4,0.93722,1,3,4,0,0,127.28,22
297,0.48883,0.15023,1,1,2,3,4,0.94299,1,4,4,0,0,128.23,23
298,0.59879,0.11345,1,1,2,3,4,0.85047,1,5,4,0,0,129.08,24
299,0,0.62899,2,1,0,2,5,0.11428,1,6,4,0,0,129.19,25
300,0,0,1,1,0,0,0,0,1,7,4,1,0,129.19,26
301,0.60852,0,1,1,2,3,0,0,1,7,4,0,1,129.19,27
302,0.53885,0.267,1,1,2,3,4,0.96731,1,7,4,0,0,130.16,28
303,0.46711,0.20779,1,1,2,3,5,0.12226,0,0,4,0,0,130.28,29
304,0,0.55905,2,1,0,2,4,0.91486,0,1,4,0,0,131.19,30
305,0.62043,0.092554,1,1,1,2,4,0.96576,0,2,4,0,0,132.16,31
306,0.46429,0.10074,1,1,1,2,4,0.62711,0,3,4,0,0,132.79,32
307,0.56072,0.20906,1,1,1,2,4,0.69164,0,4,4,0,0,133.48,33
308,0,0.70638,3,1,0,3,5,0.096548,0,5,4,0,0,133.58,34
309,0,0.39435,3,1,0,3,5,0.23907,0,6,4,0,0,133.81,35
310,0.53244,0.33686,1,1,2,3,4,0.78382,1,0,4,0,0,134.6,36
311,0.58426,0.42634,1,1,2,3,4,0.85672,1,1,4,0,0,135.46,37
312,0.56946,0.29318,1,1,2,3,4,0.81827,1,2,4,0,0,136.27,38
313,0.47454,0.14808,1,1,2,3,4,0.16649,1,3,5,0,0,136.44,0
314,0.50244,0.19919,1,1,2,3,4,0.40133,1,4,5,0,0,136.84,1
315,0.47581,0.20321,1,1,1,2,5,0.72618,1,5,5,0,0,137.57,2
316,0,0.7143,3,1,0,3,4,0.22752,1,6,5,0,0,137.8,3
317,0.47366,0.21878,1,1,1,2,5,0.93396,1,7,5,0,0,138.73,4
318,0,0,2,1,0,2,0,0,1,8,5,0,1,138.73,5
319,0,0.66024,3,1,0,3,4,0.032742,1,8,5,0,0,138.76,6
320,0.52194,0.085178,1,1,1,2,5,0.924,1,9,5,0,0,139.69,7
321,0,0.56184,2,1,0,2,4,0.010433,0,0,5,0,0,139.7,8
322,0,0,1,1,0,0,0,0,0,1,5,1,0,139.7,9
323,0,0.55693,2,1,0,2,4,0.18276,0,1,5,0,0,139.88,10
324,0,0.65348,3,1,0,3,5,0.7618,0,2,5,0,0,140.64,11
325,0,0.48653,3,1,0,3,5,0.81329,0,3,5,0,0,141.45,12
326,0.45529,0.18664,1,1,1,2,4,0.005586,0,4,5,0,0,141.46,13
327,0,0.51549,3,1,0,3,5,0.82375,0,5,5,0,0,142.28,14
328,0.5296,0.28151,1,1,2,3,5,0.50134,0,6,5,0,0,142.78,15
329,0,0,1,1,0,0,0,0,0,7,5,1,0,142.78,16
330,0,0,1,1,0,0,0,0,0,7,5,1,0,142.78,17
331,0,0.61772,2,1,0,2,4,0.27672,0,7,5,0,0,143.06,18
332,0,0.59003,3,1,0,3,5,0.83847,0,8,5,0,0,143.9,19
333,0.44529,0.13694,1,1,2,3,4,0.007692,1,0,5,0,0,143.91,20
334,0.54596,0.15043,1,1,1,2,5,0.9703,1,1,5,0,0,144.88,21
335,0.52432,0.12459,1,1,1,2,5,0.99984,1,2,5,0,0,145.88,22
336,0,0.56777,3,1,0,3,4,0.064654,1,3,5,0,0,145.94,23
337,0,0.61737,3,1,0,3,4,0.15634,1,4,5,0,0,146.1,24
338,0.69876,0.14917,1,1,1,2,5,0.98058,1,5,5,0,0,147.08,25
339,0,0.60209,3,1,0,3,4,0.099248,1,6,5,0,0,147.18,26
340,0.58371,0.30318,1,1,2,3,5,0.78914,0,0,5,0,0,147.97,27
341,0,0.72778,3,1,0,3,5,0.6613,0,1,5,0,0,148.63,28
342,0.41712,0.12638,1,1,1,2,4,0.45683,0,2,5,0,0,149.09,29
343,0.43598,0.14973,1,1,2,3,5,0.91894,0,3,5,0,0,150,30
344,0.62106,0.22635,1,1,1,2,4,0.11133,0,4,5,0,0,150.12,31
345,0.57659,0.11646,1,1,1,2,4,0.000684,0,5,5,0,0,150.12,32
346,0,0,1,1,0,0,0,0,0,6,5,1,0,150.12,33
347,0,0.64882,3,1,0,3,5,0.82619,0,6,5,0,0,150.94,34
348,0,0.43819,3,1,0,3,5,0.84085,0,7,5,0,0,151.78,35
349,0.57256,0.059492,1,1,1,2,4,0.012354,0,8,5,0,0,151.8,36
350,0,0.59062,3,1,0,3,5,0.87272,0,9,5,0,0,152.67,37
351,0,0.67736,2,1,0,2,5,0.69178,1,0,5,0,0,153.36,38
352,0.42469,0.10964,1,1,1,2,5,0.57979,1,1,4,0,0,153.94,0
353,0.65264,0.12029,1,1,1,2,5,0.53976,1,2,4,0,0,154.48,1
354,0,0.55866,2,1,0,2,5,0.37091,1,3,4,0,0,154.85,2
355,0.72093,0.11556,1,1,2,3,4,0.77145,1,4,4,0,0,155.62,3
356,0,0,3,1,0,3,0,0,1,5,4,1,0,155.62,4
357,0.66896,0.25492,1,1,2,3,4,0.95976,1,5,4,0,0,156.58,5
358,0,0.5233,3,1,0,3,4,0.86842,1,6,4,0,0,157.45,6
359,0.47918,0.12793,1,1,2,3,4,0.93987,1,7,4,0,0,158.39,7
360,0.53471,0.25186,1,1,2,3,5,0.034537,0,0,4,0,0,158.43,8
361,0,0.5631,3,1,0,3,5,0.12263,0,1,4,0,0,158.55,9
362,0.73547,0.038759,1,1,1,2,4,0.65167,0,2,4,0,0,159.2,10
363,0,0.43619,2,1,0,2,4,0.71687,0,3,4,0,0,159.92,11
364,0,0.53458,3,1,0,3,5,0.27591,0,4,4,0,0,160.19,12
365,0,0.53407,3,1,0,3,5,0.30357,0,5,4,0,0,160.5,13
366,0.42814,0.23771,1,1,1,2,4,0.70799,0,6,4,0,0,161.2,14
367,0.4572,0.15914,1,1,1,2,5,0.12215,1,0,4,0,0,161.33,15
368,0,0.56214,2,1,0,2,5,0.12368,1,1,4,0,0,161.45,16
369,0,0.54726,2,1,0,2,5,0.19655,1,2,4,0,0,161.65,17
370,0.5697,0.13992,1,1,2,3,4,0.61227,1,3,4,0,0,162.26,18
371,0.51778,0.13363,1,1,2,3,4,0.89451,1,4,4,0,0,163.15,19
372,0.6959,0.16799,1,1,2,3,4,0.69858,1,5,4,0,0,163.85,20
373,0,0.535,3,1,0,3,4,0.42096,1,6,4,0,0,164.27,21
374,0.55717,0.14027,1,1,1,2,5,0.44105,1,7,4,0,0,164.71,22
375,0,0.54235,2,1,0,2,5,0.013908,1,8,4,0,0,164.73,23
376,0.41671,0.10987,1,1,2,3,5,0.16292,0,0,4,0,0,164.89,24
377,0.565,0,1,1,2,3,0,0,0,1,4,0,1,164.89,25
378,0.6186,0.17117,1,1,1,2,4,0.85964,0,1,4,0,0,165.75,26
379,0.45364,0.21722,1,1,1,2,4,0.73366,0,2,4,0,0,166.48,27
380,0,0.58643,3,1,0,3,5,0.51664,0,3,4,0,0,167,28
381,0,0.56917,2,1,0,2,4,0.80046,0,4,4,0,0,167.8,29
382,0.4641,0.13494,1,1,1,2,4,0.8819,0,5,4,0,0,168.68,30
383,0,0.6743,2,1,0,2,4,0.9363,0,6,4,0,0,169.62,31
384,0,0.54552,2,1,0,2,4,0.90848,0,7,4,0,0,170.53,32
385,0,0.6246,3,1,0,3,4,0.88458,1,0,4,0,0,171.41,33
386,0.40129,0.11006,1,1,2,3,4,0.87564,1,1,4,0,0,172.29,34
387,0.54668,0.12904,1,1,2,3,4,0.75929,1,2,4,0,0,173.05,35
388,0.57915,0.12696,1,1,2,3,4,0.44073,1,3,4,0,0,173.49,36
389,0.45981,0.17,1,1,2,3,4,0.40542,1,4,4,0,0,173.89,37
390,0,0.53065,2,1,0,2,5,0.21867,1,5,4,0,0,174.11,38
391,0.72352,0.075272,1,1,1,2,5,0.8215,1,6,5,0,0,174.93,0
392,0,0.57043,3,1,0,3,4,0.46905,1,7,5,0,0,175.4,1
393,0,0.64894,3,1,0,3,4,0.068834,1,8,5,0,0,175.47,2
394,0.52975,0.37777,1,1,2,3,5,0.9297,0,0,5,0,0,176.4,3
395,0,0.54425,2,1,0,2,4,0.060289,0,1,5,0,0,176.46,4
396,0.70829,0.12774,1,1,1,2,4,0.11421,0,2,5,0,0,176.58,5
397,0.67672,0.072969,1,1,2,3,5,0.98838,0,3,5,0,0,177.56,6
398,0.53938,0.10193,1,1,2,3,5,0.82075,0,4,5,0,0,178.38,7
399,0,0.61555,3,1,0,3,5,0.74748,0,5,5,0,0,179.13,8
400,0.44347,0.085472,1,1,2,3,5,0.6039,0,6,5,0,0,179.74,9
401,0.61354,0,1,1,2,3,0,0,0,7,5,0,1,179.74,10
402,0,0.51759,2,1,0,2,4,0.30717,0,7,5,0,0,180.04,11
403,0,0.4314,3,1,0,3,4,0.35681,1,0,5,0,0,180.4,12
404,0.72269,0.185,1,1,2,3,4,0.55755,1,1,5,0,0,180.96,13
405,0,0.53627,3,1,0,3,4,0.31825,1,2,5,0,0,181.28,14
406,0.4288,0.21129,1,1,1,2,5,0.4735,1,3,5,0,0,181.75,15
407,0.54126,0.19341,1,1,1,2,5,0.59746,1,4,5,0,0,182.35,16
408,0.47297,0.13618,1,1,1,2,5,0.51242,1,5,5,0,0,182.86,17
409,0,0,2,1,0,2,0,0,1,6,5,0,1,182.86,18
410,0,0.5987,3,1,0,3,4,0.25402,1,6,5,0,0,183.11,19
411,0.54127,0.069639,1,1,1,2,5,0.56579,1,7,5,0,0,183.68,20
412,0.49674,0.091778,1,1,1,2,5,0.83938,1,8,5,0,0,184.52,21
413,0,0.49928,3,1,0,3,4,0.1343,1,9,5,0,0,184.65,22
414,0.72301,0.049255,1,1,1,2,5,0.74683,1,10,5,0,0,185.4,23
415,0,0.53307,2,1,0,2,5,0.64988,1,11,5,0,0,186.05,24
416,0.52694,0.20486,1,1,1,2,5,0.56919,1,12,5,0,0,186.62,25
417,0,0.56406,2,1,0,2,4,0.30268,0,0,5,0,0,186.92,26
418,0,0.48372,2,1,0,2,4,0.25751,0,1,5,0,0,187.18,27
419,0,0.60663,3,1,0,3,5,0.87826,0,2,5,0,0,188.06,28
420,0,0.60894,3,1,0,3,5,0.79543,0,3,5,0,0,188.85,29
421,0,0.66561,2,1,0,2,4,0.28446,0,4,5,0,0,189.14,30
422,0.5334,0.17297,1,1,2,3,5,0.78147,0,5,5,0,0,189.92,31
423,0,0.51329,3,1,0,3,5,0.98417,0,6,5,0,0,190.9,32
424,0,0.48061,3,1,0,3,5,0.84147,0,7,5,0,0,191.74,33
425,0,0.45964,3,1,0,3,5,0.83624,0,8,5,0,0,192.58,34
426,0,0.53034,2,1,0,2,4,0.25039,0,9,5,0,0,192.83,35
427,0.58739,0,1,1,2,3,0,0,0,10,5,0,1,192.83,36
428,0.55096,0.28788,1,1,2,3,5,0.89602,0,10,5,0,0,193.73,37
429,0,0.60574,2,1,0,2,4,0.1332,0,11,5,0,0,193.86,38
430,0.62541,0.28057,1,1,1,2,4,0.89189,0,12,4,0,0,194.75,0
431,0,0.64328,3,1,0,3,5,0.22296,0,13,4,0,0,194.97,1
432,0.65062,0.086313,1,1,1,2,5,0.51355,1,0,4,0,0,195.49,2
433,0.54907,0.059425,1,1,1,2,5,0.29904,1,1,4,0,0,195.79,3
434,0,0,3,1,0,3,0,0,1,2,4,1,0,195.79,4
435,0,0.59074,2,1,0,2,5,0.078981,1,2,4,0,0,195.87,5
436,0.62215,0.27184,1,1,1,2,5,0.12227,1,3,4,0,0,195.99,6
437,0.42827,0.21435,1,1,2,3,4,0.82049,1,4,4,0,0,196.81,7
438,0.61828,0.14601,1,1,2,3,4,0.96484,1,5,4,0,0,197.77,8
439,0,0,1,1,0,0,0,0,1,6,4,1,0,197.77,9
440,0,0.57448,3,1,0,3,4,0.28467,1,6,4,0,0,198.06,10
441,0,0.58193,2,1,0,2,5,0.57428,1,7,4,0,0,198.63,11
442,0,0,3,1,0,3,0,0,1,8,4,0,1,198.63,12
443,0,0.63127,3,1,0,3,4,0.61941,1,8,4,0,0,199.25,13
444,0.70288,0.10538,1,1,1,2,5,0.094853,1,9,4,0,0,199.35,14
445,0.59047,0.051677,1,1,2,3,4,0.93745,1,10,4,0,0,200.28,15
446,0.51507,0.089273,1,1,2,3,4,0.80734,1,11,4,0,0,201.09,16
447,0,0.55079,2,1,0,2,5,0.001153,1,12,4,0,0,201.09,17
448,0,0.51877,2,1,0,2,4,0.81015,0,0,4,0,0,201.9,18
449,0.53972,0.027687,1,1,1,2,4,0.84335,0,1,4,0,0,202.75,19
450,0,0.55575,2,1,0,2,4,0.66253,0,2,4,0,0,203.41,20
451,0,0.46415,2,1,0,2,4,0.94861,0,3,4,0,0,204.36,21
452,0,0.56686,3,1,0,3,5,0.040019,0,4,4,0,0,204.4,22
453,0.60515,0.061997,1,1,1,2,4,0.78885,0,5,4,0,0,205.19,23
454,0.45289,0.092389,1,1,1,2,4,0.98875,0,6,4,0,0,206.18,24
455,0,0.50368,3,1,0,3,5,0.083726,0,7,4,0,0,206.26,25
456,0,0.55758,3,1,0,3,5,0.078135,0,8,4,0,0,206.34,26
457,0.53105,0.24155,1,1,2,3,5,0.27857,0,9,4,0,0,206.62,27
458,0,0.54553,3,1,0,3,5,0.12785,0,10,4,0,0,206.74,28
459,0,0.49554,3,1,0,3,5,0.073643,0,11,4,0,0,206.82,29
460,0,0.57314,2,1,0,2,5,0.027464,1,0,4,0,0,206.84,30
461,0.73981,0.089631,1,1,2,3,4,0.84965,1,1,4,0,0,207.69,31
462,0,0.51929,3,1,0,3,4,0.95835,1,2,4,0,0,208.65,32
463,0.45991,0.12044,1,1,2,3,4,0.97859,1,3,4,0,0,209.63,33
464,0,0.50933,3,1,0,3,4,0.91243,1,4,4,0,0,210.54,34
465,0.50894,0.11959,1,1,2,3,4,0.61717,1,5,4,0,0,211.16,35
466,0.50303,0.098775,1,1,2,3,4,0.37795,1,6,4,0,0,211.54,36
467,0,0.53722,3,1,0,3,4,0.26603,1,7,4,0,0,211.8,37
468,0.34114,0.05937,1,1,1,2,5,0.32284,1,8,4,0,0,212.13,38
469,0.49469,0.11199,1,1,2,3,4,0.42312,1,9,5,0,0,212.55,0
470,0,0.53564,2,1,0,2,5,0.69093,1,10,5,0,0,213.24,1
471,0,0.43465,3,1,0,3,4,0.30775,1,11,5,0,0,213.55,2
472,0.44727,0.094968,1,1,1,2,5,0.8889,1,12,5,0,0,214.44,3
473,0,0.49833,3,1,0,3,4,0.13644,1,13,5,0,0,214.57,4
474,0,0.41939,3,1,0,3,5,0.92051,0,0,5,0,0,215.5,5
475,0.54448,0.090399,1,1,2,3,5,0.94013,0,1,5,0,0,216.44,6
476,0,0.46442,3,1,0,3,5,0.79663,0,2,5,0,0,217.23,7
477,0,0.60385,2,1,0,2,4,0.19163,0,3,5,0,0,217.42,8
478,0,0.5374,3,1,0,3,5,0.78477,0,4,5,0,0,218.21,9
479,0,0,3,1,0,3,0,0,0,5,5,0,1,218.21,10
480,0,0.46023,3,1,0,3,5,0.82585,0,5,5,0,0,219.03,11
481,0.65922,0.28486,1,1,2,3,5,0.92572,0,6,5,0,0,219.96,12
482,0.40513,0.24496,1,1,2,3,5,0.9672,0,7,5,0,0,220.93,13
483,0.5283,0.1199,1,1,2,3,5,0.88458,0,8,5,0,0,221.81,14
484,0,0.61065,2,1,0,2,4,0.020129,0,9,5,0,0,221.83,15
485,0,0.60201,3,1,0,3,5,0.77498,0,10,5,0,0,222.61,16
486,0,0.48376,3,1,0,3,5,0.92474,0,11,5,0,0,223.53,17
487,0.48202,0.078413,1,1,2,3,5,0.98815,0,12,5,0,0,224.52,18
488,0.40161,0.075209,1,1,2,3,5,0.79719,0,13,5,0,0,225.32,19
489,0.40662,0.13996,1,1,2,3,4,0.27025,1,0,5,0,0,225.59,20
490,0.4343,0.028119,1,1,2,3,4,0.4157,1,1,5,0,0,226,21
491,0.5672,0.089233,1,1,1,2,5,0.65725,1,2,5,0,0,226.66,22
492,0.52125,0.07498,1,1,1,2,5,0.94342,1,3,5,0,0,227.6,23
493,0.64894,0.06826,1,1,1,2,5,0.75255,1,4,5,0,0,228.36,24
494,0,0.63654,3,1,0,3,4,0.003543,1,5,5,0,0,228.36,25
495,0,0.43783,3,1,0,3,4,0.003318,1,6,5,0,0,228.36,26
496,0,0.444,3,1,0,3,4,0.060122,1,7,5,0,0,228.42,27
497,0,0.46845,3,1,0,3,4,0.079635,1,8,5,0,0,228.5,28
498,0,0,2,1,0,2,0,0,1,9,5,0,1,228.5,29
499,0,0.49741,2,1,0,2,5,0.96248,1,9,5,0,0,229.47,30
500,0,0.45272,2,1,0,2,5,0.98474,1,10,5,0,0,230.45,31
501,0.59697,0.044815,1,1,1,2,5,0.7883,1,11,5,0,0,231.24,32
502,0.45929,0.038305,1,1,1,2,4,0.20556,0,0,5,0,0,231.44,33
503,0.54978,0.17083,1,1,2,3,5,0.88977,0,1,5,0,0,232.33,34
504,0.49015,0.13389,1,1,2,3,5,0.85248,0,2,5,0,0,233.19,35
505,0,0.55848,3,1,0,3,5,0.98757,0,3,5,0,0,234.17,36
506,0,0,2,1,0,2,0,0,0,4,5,0,1,234.17,37
507,0,0,2,1,0,2,0,0,0,4,5,1,0,234.17,38
508,0,0.5085,2,1,0,2,4,0.96674,0,4,4,0,0,235.14,0
509,0,0.53688,2,1,0,2,4,0.86241,0,5,4,0,0,236,1
510,0,0.59822,3,1,0,3,5,0.29835,0,6,4,0,0,236.3,2
511,0.53612,0.068003,1,1,1,2,4,0.78079,0,7,4,0,0,237.08,3
512,0.52802,0.1303,1,1,1,2,4,0.9105,0,8,4,0,0,237.99,4
513,0,0.61089,2,1,0,2,4,0.98706,0,9,4,0,0,238.98,5
514,0.50674,0.037535,1,1,1,2,4,0.6643,0,10,4,0,0,239.64,6
515,0.71455,0.10217,1,1,1,2,4,0.96027,0,11,4,0,0,240.6,7
516,0,0.5319,2,1,0,2,4,0.83047,0,12,4,0,0,241.43,8
517,0,0.43274,2,1,0,2,5,0.088365,1,0,4,0,0,241.52,9
518,0,0.50579,3,1,0,3,4,0.86562,1,1,4,0,0,242.39,10
519,0,0,2,1,0,2,0,0,1,2,4,0,1,242.39,11
520,0,0.65511,2,1,0,2,5,0.071175,1,2,4,0,0,242.46,12
521,0.4709,0.07685,1,1,2,3,4,0.74903,1,3,4,0,0,243.21,13
522,0,0.49151,2,1,0,2,5,0.072902,1,4,4,0,0,243.28,14
523,0.46055,0.18517,1,1,2,3,4,0.97749,1,5,4,0,0,244.26,15
524,0.54048,0.11705,1,1,2,3,4,0.54933,1,6,4,0,0,244.81,16
525,0,0.54966,2,1,0,2,5,0.44758,1,7,4,0,0,245.26,17
526,0,0,3,1,0,3,0,0,1,8,4,0,1,245.26,18
527,0,0.54721,3,1,0,3,4,0.90048,1,8,4,0,0,246.16,19
528,0,0.48266,3,1,0,3,4,0.98231,1,9,4,0,0,247.14,20
529,0,0.48203,3,1,0,3,4,0.91631,1,10,4,0,0,248.06,21
530,0.5797,0.10899,1,1,2,3,4,0.92683,1,11,4,0,0,248.98,22
531,0.38762,0.048675,1,1,2,3,4,0.96023,1,12,4,0,0,249.94,23
532,0,0.50131,2,1,0,2,4,0.94313,0,0,4,0,0,250.89,24
533,0,0.52793,3,1,0,3,5,0.10259,0,1,4,0,0,250.99,25
534,0,0.55271,2,1,0,2,4,0.95018,0,2,4,0,0,251.94,26
535,0.50977,0.29726,1,1,2,3,5,0.061171,0,3,4,0,0,252,27
536,0,0.52573,2,1,0,2,4,0.72721,0,4,4,0,0,252.73,28
537,0.72206,0.035173,1,1,1,2,4,0.62415,0,5,4,0,0,253.35,29
538,0,0.48179,2,1,0,2,4,0.89087,0,6,4,0,0,254.24,30
539,0,0.51364,2,1,0,2,4,0.95076,0,7,4,0,0,255.19,31
540,0.48991,0.003303,1,1,1,2,4,0.98176,0,8,4,0,0,256.17,32
541,0.5437,0.35536,1,1,2,3,5,0.015379,0,9,4,0,0,256.19,33
542,0.45599,0.21411,1,1,1,2,4,0.96245,0,10,4,0,0,257.15,34
543,0.38397,0.037871,1,1,1,2,5,0.25923,1,0,4,0,0,257.41,35
544,0,0.51278,3,1,0,3,4,0.63379,1,1,4,0,0,258.05,36
545,0,0.58091,2,1,0,2,5,0.12897,1,2,4,0,0,258.17,37
546,0,0.55722,2,1,0,2,5,0.19577,1,3,4,0,0,258.37,38
547,0.34571,0.09234,1,1,2,3,4,0.02943,1,4,5,0,0,258.4,0
548,0.5604,0.081086,1,1,1,2,5,0.75933,1,5,5,0,0,259.16,1
549,0.52743,0.12176,1,1,1,2,5,0.86207,1,6,5,0,0,260.02,2
550,0,0.53966,3,1,0,3,4,0.18418,1,7,5,0,0,260.2,3
551,0.56561,0.025165,1,1,2,3,4,0.1881,1,8,5,0,0,260.39,4
552,0,0,3,1,0,3,0,0,1,9,5,0,1,260.39,5
553,0.66432,0.057481,1,1,2,3,4,0.14537,1,9,5,0,0,260.54,6
554,0.42318,0.12404,1,1,1,2,5,0.9269,1,10,5,0,0,261.47,7
555,0.44613,0.06525,1,1,1,2,5,0.73746,1,11,5,0,0,262.2,8
556,0.46135,0.1295,1,1,1,2,5,0.76772,1,12,5,0,0,262.97,9
557,0,0.51866,2,1,0,2,5,0.81305,1,13,5,0,0,263.78,10
558,0,0.4025,2,1,0,2,4,0.38012,0,0,5,0,0,264.16,11
559,0.44048,0.12647,1,1,2,3,5,0.94702,0,1,5,0,0,265.11,12
560,0,0.53225,3,1,0,3,5,0.66369,0,2,5,0,0,265.77,13
561,0,0.47351,3,1,0,3,5,0.89811,0,3,5,0,0,266.67,14
562,0.44153,0.085543,1,1,2,3,5,0.98915,0,4,5,0,0,267.66,15
563,0.72581,0.10199,1,1,2,3,5,0.96483,0,5,5,0,0,268.63,16
564,0.54208,0.16098,1,1,2,3,5,0.97301,0,6,5,0,0,269.6,17
565,0.45263,0.12951,1,1,2,3,5,0.97792,0,7,5,0,0,270.58,18
566,0.47541,0.1339,1,1,2,3,5,0.81519,0,8,5,0,0,271.39,19
567,0.42931,0.094273,1,1,2,3,5,0.79568,0,9,5,0,0,272.19,20
568,0,0.60591,2,1,0,2,4,0.067725,0,10,5,0,0,272.26,21
569,0,0,1,1,0,0,0,0,0,11,5,1,0,272.26,22
570,0.41386,0.096382,1,1,2,3,5,0.8111,0,11,5,0,0,273.07,23
571,0,0.57159,2,1,0,2,4,0.035046,0,12,5,0,0,273.1,24
572,0,0.59741,2,1,0,2,4,0.15512,0,13,5,0,0,273.26,25
573,0.42534,0.11944,1,1,2,3,4,0.15865,1,0,5,0,0,273.42,26
574,0,0.54023,2,1,0,2,5,0.89638,1,1,5,0,0,274.31,27
575,0,0.57591,3,1,0,3,4,0.023161,1,2,5,0,0,274.34,28
576,0,0.60612,2,1,0,2,5,0.97517,1,3,5,0,0,275.31,29
577,0.41407,0.058215,1,1,1,2,5,0.97774,1,4,5,0,0,276.29,30
578,0,0.58525,3,1,0,3,4,0.16247,1,5,5,0,0,276.45,31
579,0.53524,0.075771,1,1,1,2,5,0.49809,1,6,5,0,0,276.95,32
580,0.51974,0.054843,1,1,1,2,5,0.39008,1,7,5,0,0,277.34,33
581,0,0.5244,3,1,0,3,4,0.85684,1,8,5,0,0,278.2,34
582,0,0,2,1,0,2,0,0,1,9,5,0,1,278.2,35
583,0,0,1,1,0,0,0,0,1,9,5,1,0,278.2,36
584,0.62778,0.098326,1,1,2,3,4,0.5469,1,9,5,0,0,278.74,37
585,0,0.54617,2,1,0,2,5,0.39692,1,10,5,0,0,279.14,38
586,0.38778,0.076062,1,1,2,3,5,0.71328,0,0,4,0,0,279.85,0
587,0.60011,0.024991,1,1,2,3,5,0.82688,0,1,4,0,0,280.68,1
588,0,0.65024,3,1,0,3,5,0.73257,0,2,4,0,0,281.41,2
589,0.48818,0.16726,1,1,2,3,5,0.98699,0,3,4,0,0,282.4,3
590,0.4052,0.092481,1,1,2,3,5,0.75564,0,4,4,0,0,283.15,4
591,0.45607,0.092575,1,1,2,3,5,0.6236,0,5,4,0,0,283.78,5
592,0,0.65569,2,1,0,2,4,0.45794,0,6,4,0,0,284.24,6
593,0,0.50284,2,1,0,2,4,0.73839,0,7,4,0,0,284.97,7
594,0.48117,0.075844,1,1,1,2,4,0.95754,0,8,4,0,0,285.93,8
595,0.60153,0.15881,1,1,1,2,4,0.98233,0,9,4,0,0,286.91,9
596,0,0.54988,2,1,0,2,4,0.92698,0,10,4,0,0,287.84,10
597,0.50383,0.051419,1,1,1,2,4,0.84239,0,11,4,0,0,288.68,11
598,0,0.53097,2,1,0,2,4,0.93946,0,12,4,0,0,289.62,12
599,0,0.54005,3,1,0,3,4,0.92682,1,0,4,0,0,290.55,13
600,0,0.51497,2,1,0,2,5,0.16011,1,1,4,0,0,290.71,14
