1,0.48274,0.52846,1,1,2,3,5,0.5,0,0,4,0,0,0.5,0
2,0.70032,0.50441,1,1,1,2,4,0.87769,0,1,4,0,0,1.3777,1
3,0.55553,0.51001,1,1,1,2,4,0.52832,0,2,4,0,0,1.906,2
4,0,0.62013,2,1,0,2,4,0.76658,0,3,4,0,0,2.6726,3
5,0,0.59265,3,1,0,3,5,0.36305,0,4,4,0,0,3.0356,4
6,0.58278,0.39304,1,1,1,2,4,0.73594,0,5,4,0,0,3.7716,5
7,0,0.61404,3,1,0,3,5,0.081177,0,6,4,0,0,3.8528,6
8,0.529,0.39071,1,1,1,2,4,0.97264,0,7,4,0,0,4.8254,7
9,0.64572,0.37769,1,1,1,2,4,0.96581,0,8,4,0,0,5.7912,8
10,0.54576,0.37205,1,1,1,2,4,0.75473,0,9,4,0,0,6.5459,9
11,0.52887,0.37357,1,1,2,3,4,0.78383,1,0,4,0,0,7.3298,10
12,0.53755,0.42823,1,1,2,3,4,0.9545,1,1,4,0,0,8.2843,11
13,0,0.66673,3,1,0,3,4,0.92355,1,2,4,0,0,9.2078,12
14,0.56783,0.44275,1,1,2,3,4,0.98001,1,3,4,0,0,10.188,13
15,0.46714,0.38503,1,1,2,3,4,0.95785,1,4,4,0,0,11.146,14
16,0.59077,0.36167,1,1,2,3,4,0.89645,1,5,4,0,0,12.042,15
17,0,0.68737,2,1,0,2,5,0.010376,1,6,4,0,0,12.052,16
18,0,0.45269,3,1,0,3,4,0.84574,1,7,4,0,0,12.898,17
19,0.45581,0.36257,1,1,2,3,4,0.83129,1,8,4,0,0,13.73,18
20,0,0,2,1,0,2,0,0,1,9,4,1,0,13.73,19
21,0.5404,0.46406,1,1,2,3,4,0.93151,1,9,4,0,0,14.661,20
22,0,0.65744,2,1,0,2,4,0.71434,0,0,4,0,0,15.375,21
23,0.53311,0.52641,1,1,2,3,5,0.19882,0,1,4,0,0,15.574,22
24,0,0.66073,2,1,0,2,4,0.74398,0,2,4,0,0,16.318,23
25,0,0.61269,3,1,0,3,5,0.28119,0,3,4,0,0,16.599,24
26,0,0.62016,3,1,0,3,5,0.067201,0,4,4,0,0,16.667,25
27,0,0.5243,3,1,0,3,5,0.02886,0,5,4,0,0,16.695,26
28,0,0.58197,2,1,0,2,4,0.91599,0,6,4,0,0,17.611,27
29,0.64144,0.30517,1,1,1,2,4,0.88424,0,7,4,0,0,18.496,28
30,0.55232,0.3782,1,1,1,2,4,0.99226,0,8,4,0,0,19.488,29
31,0.5331,0.33593,1,1,1,2,4,0.80249,0,9,4,0,0,20.29,30
32,0,0,3,1,0,3,0,0,1,0,4,1,0,20.29,31
33,0,0.66282,3,1,0,3,4,0.78231,1,0,4,0,0,21.073,32
34,0,0.57486,3,1,0,3,4,0.72825,1,1,4,0,0,21.801,33
35,0,0.51611,2,1,0,2,5,0.21114,1,2,4,0,0,22.012,34
36,0,0.56186,3,1,0,3,4,0.96079,1,3,4,0,0,22.973,35
37,0.60581,0.4805,1,1,1,2,5,0.020575,1,4,4,0,0,22.993,36
38,0.66112,0.37557,1,1,2,3,4,0.83315,1,5,4,0,0,23.827,37
39,0,0.60528,2,1,0,2,5,0.075373,1,6,4,0,0,23.902,38
40,0,0.42768,3,1,0,3,4,0.96647,1,7,4,0,0,24.868,39
41,0,0.64058,2,1,0,2,5,0.10285,1,8,4,0,0,24.971,40
42,0,0.60294,2,1,0,2,4,0.05145,0,0,5,0,0,25.023,0
43,0,0.51003,2,1,0,2,4,0.046075,0,1,5,0,0,25.069,1
44,0,0,1,1,0,0,0,0,0,2,5,1,0,25.069,2
45,0.49823,0.50421,1,1,1,2,4,0.44869,0,2,5,0,0,25.518,3
46,0.50422,0.40774,1,1,2,3,5,0.41311,0,3,5,0,0,25.931,4
47,0,0.75119,2,1,0,2,4,0.35652,0,4,5,0,0,26.287,5
48,0.54701,0.5829,1,1,1,2,4,0.27188,0,5,5,0,0,26.559,6
49,0.44443,0.36847,1,1,2,3,5,0.98722,0,6,5,0,0,27.546,7
50,0.57462,0.36693,1,1,2,3,5,0.9269,0,7,5,0,0,28.473,8
51,0.5678,0.31879,1,1,2,3,4,0.073482,1,0,5,0,0,28.547,9
52,0,0.66333,3,1,0,3,4,0.008493,1,1,5,0,0,28.555,10
53,0.65918,0.34198,1,1,1,2,5,0.73711,1,2,5,0,0,29.292,11
54,0,0.64598,2,1,0,2,5,0.69069,1,3,5,0,0,29.983,12
55,0.54942,0.39186,1,1,1,2,5,0.96319,1,4,5,0,0,30.946,13
56,0,0.55434,3,1,0,3,4,0.11056,1,5,5,0,0,31.057,14
57,0.55704,0.5267,1,1,1,2,5,0.91417,1,6,5,0,0,31.971,15
58,0,0.54937,3,1,0,3,4,0.13443,1,7,5,0,0,32.105,16
59,0.65632,0.3703,1,1,2,3,5,0.88742,0,0,5,0,0,32.993,17
60,0,0,3,1,0,3,0,0,0,1,5,1,0,32.993,18
61,0,0.72747,2,1,0,2,4,0.33276,0,1,5,0,0,33.325,19
62,0.63858,0.32161,1,1,2,3,5,0.67252,0,2,5,0,0,33.998,20
63,0,0.60278,3,1,0,3,5,0.70387,0,3,5,0,0,34.702,21
64,0,0.70072,2,1,0,2,4,0.065865,0,4,5,0,0,34.768,22
65,0,0.58398,2,1,0,2,4,0.11326,0,5,5,0,0,34.881,23
66,0.52631,0.3111,1,1,1,2,4,0.094697,0,6,5,0,0,34.976,24
67,0.44618,0.33131,1,1,2,3,5,0.93452,0,7,5,0,0,35.91,25
68,0.44626,0.40049,1,1,2,3,4,0.038854,1,0,5,0,0,35.949,26
69,0,0.57722,2,1,0,2,5,0.98943,1,1,5,0,0,36.938,27
70,0.72987,0.3519,1,1,2,3,4,0.007978,1,2,5,0,0,36.946,28
71,0.47776,0.37605,1,1,1,2,5,0.79205,1,3,5,0,0,37.739,29
72,0.50455,0.32375,1,1,1,2,5,0.92607,1,4,5,0,0,38.665,30
73,0,0.6111,2,1,0,2,5,0.84274,1,5,5,0,0,39.507,31
74,0.5516,0.30231,1,1,1,2,5,0.62187,1,6,5,0,0,40.129,32
75,0.48593,0.35975,1,1,1,2,5,0.54374,1,7,5,0,0,40.673,33
76,0.49545,0.34839,1,1,2,3,5,0.47507,0,0,5,0,0,41.148,34
77,0,0.63967,2,1,0,2,4,0.46165,0,1,5,0,0,41.61,35
78,0.52271,0.30434,1,1,1,2,4,0.34535,0,2,5,0,0,41.955,36
79,0,0.57512,3,1,0,3,5,0.76095,0,3,5,0,0,42.716,37
80,0,0.59981,3,1,0,3,5,0.9888,0,4,5,0,0,43.705,38
81,0.54889,0,1,1,1,2,0,0,0,5,5,0,1,43.705,39
82,0.6092,0.43634,1,1,1,2,4,0.43364,0,5,5,0,0,44.138,40
83,0,0.55531,3,1,0,3,5,0.10325,0,6,4,0,0,44.242,0
84,0.4787,0.32799,1,1,1,2,4,0.67962,0,7,4,0,0,44.921,1
85,0,0.57569,3,1,0,3,4,0.84297,1,0,4,0,0,45.764,2
86,0.52912,0.31209,1,1,1,2,5,0.020874,1,1,4,0,0,45.785,3
87,0,0.66095,2,1,0,2,5,0.11539,1,2,4,0,0,45.9,4
88,0.50812,0.305,1,1,2,3,4,0.76603,1,3,4,0,0,46.667,5
89,0.49805,0.34019,1,1,2,3,4,0.7096,1,4,4,0,0,47.376,6
90,0,0.64311,2,1,0,2,5,0.22418,1,5,4,0,0,47.6,7
91,0,0.60148,2,1,0,2,5,0.10225,1,6,4,0,0,47.703,8
92,0.54341,0.36033,1,1,2,3,4,0.98773,1,7,4,0,0,48.69,9
93,0,0.5715,3,1,0,3,4,0.96459,1,8,4,0,0,49.655,10
94,0,0,1,1,0,0,0,0,0,0,4,1,0,49.655,11
95,0.5504,0.43999,1,1,2,3,5,0.03166,0,0,4,0,0,49.687,12
96,0.51191,0.34078,1,1,1,2,4,0.79744,0,1,4,0,0,50.484,13
97,0,0.65434,3,1,0,3,5,0.043069,0,2,4,0,0,50.527,14
98,0,0.54312,2,1,0,2,4,0.85951,0,3,4,0,0,51.387,15
99,0.48373,0.3306,1,1,1,2,4,0.57081,0,4,4,0,0,51.957,16
100,0.72703,0.44612,1,1,1,2,4,0.65413,0,5,4,0,0,52.611,17
101,0.62559,0.33905,1,1,1,2,4,0.94683,0,6,4,0,0,53.558,18
102,0,0.58878,3,1,0,3,5,0.018582,0,7,4,0,0,53.577,19
103,0.61763,0.35187,1,1,2,3,5,0.19631,0,8,4,0,0,53.773,20
104,0,0.60906,3,1,0,3,5,0.19833,0,9,4,0,0,53.972,21
105,0.59277,0.60825,1,1,1,2,5,0.21209,1,0,4,0,0,54.184,22
106,0,0.50596,3,1,0,3,4,0.93508,1,1,4,0,0,55.119,23
107,0,0.6454,2,1,0,2,5,0.14603,1,2,4,0,0,55.265,24
108,0,0.58136,3,1,0,3,4,0.86601,1,3,4,0,0,56.131,25
109,0.53338,0.33711,1,1,2,3,4,0.88267,1,4,4,0,0,57.013,26
110,0.50022,0.35193,1,1,2,3,4,0.93073,1,5,4,0,0,57.944,27
111,0.56079,0.34714,1,1,2,3,4,0.92519,1,6,4,0,0,58.869,28
112,0,0.52459,2,1,0,2,5,0.20134,1,7,4,0,0,59.071,29
113,0,0.5529,3,1,0,3,5,0.002443,0,0,4,0,0,59.073,30
114,0.48992,0.38056,1,1,2,3,5,0.11539,0,1,4,0,0,59.189,31
115,0.62218,0.31471,1,1,1,2,4,0.95133,0,2,4,0,0,60.14,32
116,0,0.59326,2,1,0,2,4,0.90003,0,3,4,0,0,61.04,33
117,0,0.58214,3,1,0,3,5,0.22227,0,4,4,0,0,61.262,34
118,0.4592,0,1,1,1,2,0,0,0,5,4,0,1,61.262,35
119,0,0,2,1,0,2,0,0,0,5,4,1,0,61.262,36
120,0,0,3,1,0,3,0,0,0,5,4,1,0,61.262,37
121,0,0.66939,3,1,0,3,5,0.54552,0,5,4,0,0,61.808,38
122,0,0.53273,3,1,0,3,5,0.6309,0,6,4,0,0,62.439,39
123,0,0.64026,2,1,0,2,4,0.32099,0,7,4,0,0,62.76,40
124,0,0.48406,2,1,0,2,4,0.76362,0,8,5,0,0,63.523,0
125,0,0.61094,3,1,0,3,5,0.0413,0,9,5,0,0,63.564,1
126,0,0.61159,3,1,0,3,4,0.75106,1,0,5,0,0,64.316,2
127,0.49954,0.42247,1,1,1,2,5,0.080109,1,1,5,0,0,64.396,3
128,0,0.5093,2,1,0,2,5,0.25215,1,2,5,0,0,64.648,4
129,0.52926,0.31419,1,1,1,2,5,0.55957,1,3,5,0,0,65.207,5
130,0,0.603,2,1,0,2,5,0.70912,1,4,5,0,0,65.916,6
131,0.43095,0.34313,1,1,1,2,5,0.87774,1,5,5,0,0,66.794,7
132,0.50249,0.32053,1,1,1,2,5,0.95211,1,6,5,0,0,67.746,8
133,0,0.58309,2,1,0,2,4,0.19442,0,0,5,0,0,67.941,9
134,0.50087,0.33577,1,1,2,3,5,0.94681,0,1,5,0,0,68.888,10
135,0.57079,0.35347,1,1,2,3,5,0.77135,0,2,5,0,0,69.659,11
136,0,0.60292,3,1,0,3,5,0.95462,0,3,5,0,0,70.614,12
137,0.61554,0.32475,1,1,2,3,5,0.87483,0,4,5,0,0,71.488,13
138,0,0.5784,2,1,0,2,4,0.44707,0,5,5,0,0,71.935,14
139,0,0.58326,3,1,0,3,5,0.60093,0,6,5,0,0,72.536,15
140,0,0.49208,3,1,0,3,5,0.48661,0,7,5,0,0,73.023,16
141,0.62238,0.37063,1,1,2,3,4,0.49062,1,0,5,0,0,73.514,17
142,0.49944,0.3701,1,1,1,2,5,0.72296,1,1,5,0,0,74.237,18
143,0,0.57882,3,1,0,3,4,0.099436,1,2,5,0,0,74.336,19
144,0,0.65995,2,1,0,2,5,0.90842,1,3,5,0,0,75.244,20
145,0.53393,0.37259,1,1,1,2,5,0.97329,1,4,5,0,0,76.218,21
146,0.51821,0.35015,1,1,1,2,5,0.86561,1,5,5,0,0,77.083,22
147,0.51609,0.49017,1,1,1,2,5,0.94137,1,6,5,0,0,78.025,23
148,0,0.64226,3,1,0,3,4,0.060189,1,7,5,0,0,78.085,24
149,0,0.60774,3,1,0,3,5,0.97702,0,0,5,0,0,79.062,25
150,0.53738,0.35777,1,1,2,3,5,0.948,0,1,5,0,0,80.01,26
151,0.50959,0.38621,1,1,2,3,5,0.90747,0,2,5,0,0,80.917,27
152,0,0.615,2,1,0,2,4,0.1768,0,3,5,0,0,81.094,28
153,0,0.56512,3,1,0,3,5,0.69614,0,4,5,0,0,81.79,29
154,0,0.45822,3,1,0,3,5,0.90824,0,5,5,0,0,82.699,30
155,0,0.4803,3,1,0,3,5,0.87971,0,6,5,0,0,83.578,31
156,0,0,1,1,0,0,0,0,0,7,5,1,0,83.578,32
157,0,0,2,1,0,2,0,0,0,7,5,1,0,83.578,33
158,0.71879,0.47069,1,1,2,3,5,0.75374,0,7,5,0,0,84.332,34
159,0.47212,0.4587,1,1,2,3,5,0.68417,0,8,5,0,0,85.016,35
160,0,0.51624,2,1,0,2,4,0.44899,0,9,5,0,0,85.465,36
161,0,0.49718,2,1,0,2,5,0.71293,1,0,5,0,0,86.178,37
162,0.49919,0.34428,1,1,1,2,5,0.78068,1,1,5,0,0,86.959,38
163,0,0.50659,2,1,0,2,5,0.85707,1,2,5,0,0,87.816,39
164,0,0.55632,3,1,0,3,4,0.26512,1,3,5,0,0,88.081,40
165,0,0.55772,3,1,0,3,4,0.97276,1,4,4,0,0,89.054,0
166,0.41402,0.36113,1,1,2,3,4,0.94797,1,5,4,0,0,90.002,1
167,0.46226,0.36845,1,1,2,3,4,0.95212,1,6,4,0,0,90.954,2
168,0,0.6147,3,1,0,3,4,0.99914,1,7,4,0,0,91.953,3
169,0,0.53797,2,1,0,2,5,0.030148,1,8,4,0,0,91.983,4
170,0,0.44104,3,1,0,3,5,0.1208,0,0,4,0,0,92.104,5
171,0.50873,0.29243,1,1,1,2,4,0.86001,0,1,4,0,0,92.964,6
172,0,0.49998,2,1,0,2,4,0.97543,0,2,4,0,0,93.939,7
173,0,0.57269,3,1,0,3,5,0.1163,0,3,4,0,0,94.056,8
174,0.54351,0.31103,1,1,1,2,4,0.97427,0,4,4,0,0,95.03,9
175,0,0.58474,3,1,0,3,5,0.52214,0,5,4,0,0,95.552,10
176,0,0,1,1,0,0,0,0,0,6,4,1,0,95.552,11
177,0.45932,0.36365,1,1,1,2,4,0.27518,0,6,4,0,0,95.827,12
178,0,0.48317,3,1,0,3,4,0.22229,1,0,4,0,0,96.049,13
179,0.46481,0.29918,1,1,1,2,5,0.67036,1,1,4,0,0,96.72,14
180,0.53035,0.38185,1,1,1,2,5,0.58543,1,2,4,0,0,97.305,15
181,0.68416,0.49742,1,1,1,2,5,0.04655,1,3,4,0,0,97.352,16
182,0,0.49343,3,1,0,3,4,0.9891,1,4,4,0,0,98.341,17
183,0.47933,0.31138,1,1,2,3,4,0.82523,1,5,4,0,0,99.166,18
184,0.53331,0.398,1,1,2,3,4,0.87976,1,6,4,0,0,100.05,19
185,0.49131,0.48461,1,1,2,3,4,0.76216,1,7,4,0,0,100.81,20
186,0,0.61574,2,1,0,2,4,0.91822,0,0,4,0,0,101.73,21
187,0,0.58657,3,1,0,3,5,0.071903,0,1,4,0,0,101.8,22
188,0.46957,0.30361,1,1,1,2,4,0.75199,0,2,4,0,0,102.55,23
189,0.4832,0.34667,1,1,1,2,4,0.92609,0,3,4,0,0,103.48,24
190,0,0.54591,3,1,0,3,5,0.12189,0,4,4,0,0,103.6,25
191,0.3933,0.31072,1,1,1,2,4,0.90958,0,5,4,0,0,104.51,26
192,0,0.43793,3,1,0,3,5,0.034385,0,6,4,0,0,104.54,27
193,0,0.59297,3,1,0,3,5,0.16143,0,7,4,0,0,104.7,28
194,0,0.51706,2,1,0,2,4,0.59722,0,8,4,0,0,105.3,29
195,0,0.59105,3,1,0,3,5,0.16864,0,9,4,0,0,105.47,30
196,0.52183,0.35207,1,1,1,2,5,0.13236,1,0,4,0,0,105.6,31
197,0,0.64641,2,1,0,2,5,0.083466,1,1,4,0,0,105.69,32
198,0,0.51341,3,1,0,3,4,0.82787,1,2,4,0,0,106.51,33
199,0,0,1,1,0,0,0,0,1,3,4,1,0,106.51,34
200,0,0,3,1,0,3,0,0,1,3,4,1,0,106.51,35
201,0,0.62956,2,1,0,2,5,0.26154,1,3,4,0,0,106.77,36
202,0,0.41945,3,1,0,3,4,0.92277,1,4,4,0,0,107.7,37
203,0.44936,0.31161,1,1,2,3,4,0.923,1,5,4,0,0,108.62,38
204,0,0.52589,2,1,0,2,5,0.11427,1,6,4,0,0,108.73,39
205,0.46351,0.3381,1,1,2,3,4,0.78192,1,7,4,0,0,109.52,40
206,0,0.5465,2,1,0,2,4,0.2227,0,0,5,0,0,109.74,0
207,0,0.53807,3,1,0,3,5,0.70164,0,1,5,0,0,110.44,1
208,0.47558,0.38002,1,1,2,3,5,0.56674,0,2,5,0,0,111.01,2
209,0,0.50901,3,1,0,3,5,0.86023,0,3,5,0,0,111.87,3
210,0.43185,0.36947,1,1,2,3,4,0.14535,1,0,5,0,0,112.01,4
211,0,0.5664,2,1,0,2,5,0.68349,1,1,5,0,0,112.7,5
212,0,0.41018,2,1,0,2,5,0.9658,1,2,5,0,0,113.66,6
213,0,0,3,1,0,3,0,0,1,3,5,0,1,113.66,7
214,0.56544,0,1,1,1,2,0,0,1,3,5,0,1,113.66,8
215,0,0.51542,3,1,0,3,4,0.033,1,3,5,0,0,113.7,9
216,0,0.53148,3,1,0,3,5,0.99714,0,0,5,0,0,114.69,10
217,0.47015,0.35695,1,1,2,3,5,0.77654,0,1,5,0,0,115.47,11
218,0,0.5866,2,1,0,2,4,0.11492,0,2,5,0,0,115.58,12
219,0,0.50131,3,1,0,3,5,0.90453,0,3,5,0,0,116.49,13
220,0.43185,0.32144,1,1,2,3,5,0.86687,0,4,5,0,0,117.36,14
221,0.522,0.39909,1,1,2,3,4,0.036768,1,0,5,0,0,117.39,15
222,0,0.54052,3,1,0,3,4,0.029033,1,1,5,0,0,117.42,16
223,0.65414,0.30804,1,1,1,2,5,0.75174,1,2,5,0,0,118.17,17
224,0.48057,0.52142,1,1,1,2,5,0.82208,1,3,5,0,0,119,18
225,0.56255,0.32741,1,1,1,2,5,0.86337,1,4,5,0,0,119.86,19
226,0.53626,0.34293,1,1,1,2,4,0.16901,0,0,5,0,0,120.03,20
227,0.45471,0.39078,1,1,2,3,5,0.83413,0,1,5,0,0,120.86,21
228,0,0.62564,3,1,0,3,5,0.95276,0,2,5,0,0,121.81,22
229,0,0.43314,3,1,0,3,5,0.85024,0,3,5,0,0,122.66,23
230,0.53865,0.28262,1,1,2,3,5,0.80233,0,4,5,0,0,123.47,24
231,0,0.49426,2,1,0,2,4,0.41343,0,5,5,0,0,123.88,25
232,0,0.58781,3,1,0,3,4,0.27598,1,0,5,0,0,124.16,26
233,0,0.5145,3,1,0,3,4,0.036196,1,1,5,0,0,124.19,27
234,0,0.56853,2,1,0,2,5,0.90969,1,2,5,0,0,125.1,28
235,0,0.57089,3,1,0,3,4,0.55491,1,3,5,0,0,125.66,29
236,0,0.45966,2,1,0,2,4,0.27965,0,0,5,0,0,125.94,30
237,0,0.51118,3,1,0,3,5,0.81301,0,1,5,0,0,126.75,31
238,0,0.49119,2,1,0,2,4,0.076461,0,2,5,0,0,126.83,32
239,0,0.39228,3,1,0,3,5,0.78967,0,3,5,0,0,127.62,33
240,0.55961,0.34965,1,1,2,3,4,0.20622,1,0,5,0,0,127.82,34
241,0,0.51126,3,1,0,3,4,0.31248,1,1,5,0,0,128.13,35
242,0.48579,0.46343,1,1,1,2,5,0.39687,1,2,5,0,0,128.53,36
243,0,0.50621,3,1,0,3,4,0.56738,1,3,5,0,0,129.1,37
244,0.46502,0.30608,1,1,2,3,4,0.37458,1,4,5,0,0,129.47,38
245,0,0.47167,3,1,0,3,5,0.9639,0,0,5,0,0,130.44,39
246,0,0.6423,2,1,0,2,4,0.11056,0,1,5,0,0,130.55,40
247,0.40905,0.30849,1,1,2,3,5,0.19503,0,2,4,0,0,130.74,0
248,0,0,2,1,0,2,0,0,0,3,4,1,0,130.74,1
249,0,0.58814,2,1,0,2,4,0.78203,0,3,4,0,0,131.53,2
250,0,0.61303,3,1,0,3,5,0.31385,0,4,4,0,0,131.84,3
251,0,0.55915,2,1,0,2,4,0.78196,0,5,4,0,0,132.62,4
252,0,0.50203,2,1,0,2,5,0.24803,1,0,4,0,0,132.87,5
253,0.609,0.29443,1,1,2,3,4,0.84483,1,1,4,0,0,133.71,6
254,0,0.67138,2,1,0,2,5,0.097656,1,2,4,0,0,133.81,7
255,0.49116,0.29622,1,1,2,3,4,0.97039,1,3,4,0,0,134.78,8
256,0,0.61464,2,1,0,2,5,0.173,1,4,4,0,0,134.95,9
257,0,0.51941,3,1,0,3,5,0.34816,0,0,4,0,0,135.3,10
258,0.53215,0.36325,1,1,2,3,5,0.59111,0,1,4,0,0,135.89,11
259,0.46163,0.41069,1,1,2,3,5,0.24664,0,2,4,0,0,136.14,12
260,0,0.59841,2,1,0,2,5,0.045242,1,0,4,0,0,136.19,13
261,0.52595,0.24239,1,1,2,3,4,0.90991,1,1,4,0,0,137.1,14
262,0.50003,0.32384,1,1,2,3,4,0.83064,1,2,4,0,0,137.93,15
263,0,0.48919,3,1,0,3,5,0.35803,0,0,4,0,0,138.28,16
264,0,0.52518,2,1,0,2,4,0.70209,0,1,4,0,0,138.99,17
265,0,0.57472,3,1,0,3,5,0.16477,0,2,4,0,0,139.15,18
266,0.49077,0.26847,1,1,1,2,4,0.58683,0,3,4,0,0,139.74,19
267,0.48372,0.30204,1,1,1,2,5,0.09492,1,0,4,0,0,139.83,20
268,0.56848,0.45397,1,1,2,3,4,0.97215,1,1,4,0,0,140.81,21
269,0.46204,0.33517,1,1,2,3,4,0.89366,1,2,4,0,0,141.7,22
270,0,0.5397,2,1,0,2,5,0.08131,1,3,4,0,0,141.78,23
271,0,0.49462,2,1,0,2,5,0.16506,1,4,4,0,0,141.95,24
272,0,0,1,1,0,0,0,0,1,5,4,1,0,141.95,25
273,0,0.57344,2,1,0,2,5,0.084656,1,5,4,0,0,142.03,26
274,0.38342,0.31779,1,1,2,3,5,0.14202,0,0,4,0,0,142.17,27
275,0.64438,0.48512,1,1,2,3,5,0.16345,0,1,4,0,0,142.34,28
276,0,0.61589,3,1,0,3,5,0.04742,0,2,4,0,0,142.38,29
277,0,0.60243,2,1,0,2,4,0.92942,0,3,4,0,0,143.31,30
278,0.53502,0.30952,1,1,1,2,5,0.36089,1,0,4,0,0,143.67,31
279,0.60282,0.45254,1,1,2,3,4,0.63421,1,1,4,0,0,144.31,32
280,0,0.59235,3,1,0,3,4,0.50555,1,2,4,0,0,144.81,33
281,0.46535,0.31333,1,1,2,3,4,0.57831,1,3,4,0,0,145.39,34
282,0.57723,0.27475,1,1,2,3,4,0.83343,1,4,4,0,0,146.22,35
283,0,0.58546,2,1,0,2,5,0.039951,1,5,4,0,0,146.26,36
284,0.48728,0.3718,1,1,1,2,4,0.81399,0,0,4,0,0,147.08,37
285,0,0.47434,3,1,0,3,5,0.05432,0,1,4,0,0,147.13,38
286,0.50864,0.16428,1,1,1,2,4,0.94363,0,2,4,0,0,148.08,39
287,0,0.54653,3,1,0,3,4,0.95491,1,0,4,0,0,149.03,40
288,0,0.57716,2,1,0,2,5,0.94296,1,1,5,0,0,149.97,0
289,0,0.5062,2,1,0,2,5,0.8456,1,2,5,0,0,150.82,1
290,0,0.52081,2,1,0,2,4,0.19205,0,0,5,0,0,151.01,2
291,0.51815,0.33045,1,1,2,3,5,0.98295,0,1,5,0,0,152,3
292,0.50118,0.34972,1,1,2,3,5,0.94253,0,2,5,0,0,152.94,4
293,0.55708,0.31387,1,1,2,3,5,0.86133,0,3,5,0,0,153.8,5
294,0.52919,0.46008,1,1,2,3,5,0.92121,0,4,5,0,0,154.72,6
295,0,0.66261,2,1,0,2,5,0.86463,1,0,5,0,0,155.58,7
296,0,0.56657,3,1,0,3,4,0.050027,1,1,5,0,0,155.63,8
297,0.54842,0.38454,1,1,1,2,5,0.86787,1,2,5,0,0,156.5,9
298,0,0.5427,2,1,0,2,5,0.95763,1,3,5,0,0,157.46,10
299,0,0.45526,2,1,0,2,5,0.9679,1,4,5,0,0,158.43,11
300,0,0.46212,2,1,0,2,4,0.021024,0,0,5,0,0,158.45,12
301,0,0.55521,2,1,0,2,4,0.005262,0,1,5,0,0,158.45,13
302,0,0.57472,3,1,0,3,5,0.83342,0,2,5,0,0,159.29,14
303,0.54029,0.44426,1,1,2,3,4,0.14616,1,0,5,0,0,159.43,15
304,0,0.58005,2,1,0,2,5,0.84827,1,1,5,0,0,160.28,16
305,0,0.56037,3,1,0,3,4,0.21472,1,2,5,0,0,160.5,17
306,0,0.52693,2,1,0,2,5,0.5816,1,3,5,0,0,161.08,18
307,0,0.59867,3,1,0,3,5,0.64702,0,0,5,0,0,161.73,19
308,0,0.57362,2,1,0,2,4,0.41361,0,1,5,0,0,162.14,20
309,0,0.56686,3,1,0,3,5,0.86595,0,2,5,0,0,163.01,21
310,0.49077,0.33509,1,1,2,3,5,0.95242,0,3,5,0,0,163.96,22
311,0,0.54781,3,1,0,3,4,0.12688,1,0,5,0,0,164.08,23
312,0,0.67806,3,1,0,3,4,0.1107,1,1,5,0,0,164.2,24
313,0,0,1,1,0,0,0,0,1,2,5,1,0,164.2,25
314,0,0.49264,3,1,0,3,4,0.025129,1,2,5,0,0,164.22,26
315,0,0.51073,3,1,0,3,4,0.030748,1,3,5,0,0,164.25,27
316,0.53667,0,1,1,1,2,0,0,1,4,5,0,1,164.25,28
317,0.54861,0.43399,1,1,2,3,4,0.028146,1,4,5,0,0,164.28,29
318,0,0.51359,3,1,0,3,4,0.39104,1,5,5,0,0,164.67,30
319,0,0.58045,2,1,0,2,4,0.14786,0,0,5,0,0,164.82,31
320,0.44707,0.3561,1,1,2,3,5,0.95419,0,1,5,0,0,165.77,32
321,0,0.55574,3,1,0,3,5,0.9381,0,2,5,0,0,166.71,33
322,0.5554,0.32772,1,1,1,2,4,0.008034,0,3,5,0,0,166.72,34
323,0.46586,0.31844,1,1,2,3,5,0.8773,0,4,5,0,0,167.6,35
324,0,0.48713,3,1,0,3,4,0.26118,1,0,5,0,0,167.86,36
325,0,0.49128,3,1,0,3,4,0.44368,1,1,5,0,0,168.3,37
326,0,0.53787,2,1,0,2,5,0.48938,1,2,5,0,0,168.79,38
327,0.5933,0.34419,1,1,1,2,5,0.68474,1,3,5,0,0,169.47,39
328,0.57915,0.29659,1,1,1,2,5,0.86418,1,4,5,0,0,170.34,40
329,0.53006,0.31307,1,1,1,2,4,0.63276,0,0,4,0,0,170.97,0
330,0.51532,0.32562,1,1,1,2,4,0.70976,0,1,4,0,0,171.68,1
331,0,0.49172,2,1,0,2,4,0.69014,0,2,4,0,0,172.37,2
332,0.44134,0.36558,1,1,1,2,5,0.31281,1,0,4,0,0,172.68,3
333,0,0.48715,3,1,0,3,4,0.61165,1,1,4,0,0,173.3,4
334,0,0.43465,2,1,0,2,5,0.22271,1,2,4,0,0,173.52,5
335,0.42928,0.29361,1,1,2,3,4,0.78412,1,3,4,0,0,174.3,6
336,0.56972,0.27841,1,1,2,3,4,0.87802,1,4,4,0,0,175.18,7
337,0,0.50644,3,1,0,3,4,0.95167,1,5,4,0,0,176.13,8
338,0,0,1,1,0,0,0,0,0,0,4,1,0,176.13,9
339,0,0.5054,3,1,0,3,5,0.0832,0,0,4,0,0,176.22,10
340,0.50945,0.28482,1,1,1,2,4,0.95998,0,1,4,0,0,177.18,11
341,0,0.57032,3,1,0,3,5,0.06954,0,2,4,0,0,177.25,12
342,0.5002,0.25978,1,1,1,2,4,0.92199,0,3,4,0,0,178.17,13
343,0,0.59027,2,1,0,2,5,0.1186,1,0,4,0,0,178.29,14
344,0.44384,0.3317,1,1,2,3,4,0.53149,1,1,4,0,0,178.82,15
345,0.52382,0.4045,1,1,2,3,4,0.64798,1,2,4,0,0,179.47,16
346,0.54781,0.49361,1,1,2,3,4,0.86858,1,3,4,0,0,180.33,17
347,0.45728,0.44413,1,1,2,3,4,0.75761,1,4,4,0,0,181.09,18
348,0.6366,0.45288,1,1,2,3,5,0.29356,0,0,4,0,0,181.39,19
349,0.59444,0.38312,1,1,1,2,4,0.83312,0,1,4,0,0,182.22,20
350,0,0.49607,2,1,0,2,4,0.791,0,2,4,0,0,183.01,21
351,0.53647,0.43163,1,1,1,2,4,0.61423,0,3,4,0,0,183.62,22
352,0,0.51647,2,1,0,2,4,0.91648,0,4,4,0,0,184.54,23
353,0.59414,0.44775,1,1,1,2,4,0.76004,0,5,4,0,0,185.3,24
354,0,0,3,1,0,3,0,0,1,0,4,0,1,185.3,25
355,0.47226,0.60697,1,1,1,2,5,0.5021,1,0,4,0,0,185.8,26
356,0.48924,0.35041,1,1,1,2,5,0.36044,1,1,4,0,0,186.16,27
357,0,0.59013,3,1,0,3,4,0.66646,1,2,4,0,0,186.83,28
358,0,0.52711,2,1,0,2,4,0.52545,0,0,4,0,0,187.35,29
359,0,0.51067,2,1,0,2,4,0.32698,0,1,4,0,0,187.68,30
360,0,0.51255,2,1,0,2,4,0.51804,0,2,4,0,0,188.2,31
361,0,0,1,1,0,0,0,0,0,3,4,1,0,188.2,32
362,0.55222,0.4614,1,1,1,2,4,0.89606,0,3,4,0,0,189.1,33
363,0.67149,0.33206,1,1,1,2,4,0.79293,0,4,4,0,0,189.89,34
364,0.52378,0.43222,1,1,1,2,5,0.086931,1,0,4,0,0,189.98,35
365,0,0.63836,2,1,0,2,5,0.26422,1,1,4,0,0,190.24,36
366,0.52803,0.29391,1,1,2,3,4,0.88925,1,2,4,0,0,191.13,37
367,0,0.53485,2,1,0,2,5,0.3426,1,3,4,0,0,191.47,38
368,0.49361,0.33018,1,1,2,3,4,0.70003,1,4,4,0,0,192.17,39
369,0,0.55405,3,1,0,3,4,0.78963,1,5,4,0,0,192.96,40
370,0,0.57962,2,1,0,2,4,0.071788,0,0,5,0,0,193.03,0
371,0.42925,0.30571,1,1,2,3,5,0.86926,0,1,5,0,0,193.9,1
372,0.4994,0.59726,1,1,2,3,5,0.94961,0,2,5,0,0,194.85,2
373,0,0.61697,3,1,0,3,5,0.98239,0,3,5,0,0,195.83,3
374,0.56983,0.44333,1,1,2,3,5,0.96676,0,4,5,0,0,196.8,4
375,0,0,3,1,0,3,0,0,0,5,5,1,0,196.8,5
376,0.63353,0.40932,1,1,2,3,5,0.68141,0,5,5,0,0,197.48,6
377,0.53339,0.34501,1,1,2,3,4,0.25844,1,0,5,0,0,197.74,7
378,0,0.52025,3,1,0,3,4,0.061245,1,1,5,0,0,197.8,8
379,0,0.42874,2,1,0,2,5,0.92172,1,2,5,0,0,198.72,9
380,0,0.50298,2,1,0,2,5,0.81653,1,3,5,0,0,199.54,10
381,0,0,3,1,0,3,0,0,1,4,5,1,0,199.54,11
382,0.73235,0.33622,1,1,1,2,5,0.84288,1,4,5,0,0,200.38,12
383,0,0.50371,2,1,0,2,4,0.028455,0,0,5,0,0,200.41,13
384,0,0.428,3,1,0,3,5,0.98398,0,1,5,0,0,201.4,14
385,0,0.44457,3,1,0,3,5,0.92709,0,2,5,0,0,202.32,15
386,0.55052,0.37397,1,1,2,3,4,0.11673,1,0,5,0,0,202.44,16
387,0,0.53153,3,1,0,3,4,0.090453,1,1,5,0,0,202.53,17
388,0,0.56941,2,1,0,2,5,0.93354,1,2,5,0,0,203.46,18
389,0,0.54304,3,1,0,3,4,0.1458,1,3,5,0,0,203.61,19
390,0.50337,0.54921,1,1,1,2,4,0.21109,0,0,5,0,0,203.82,20
391,0.5097,0.37451,1,1,2,3,5,0.88314,0,1,5,0,0,204.7,21
392,0.46381,0.46412,1,1,2,3,5,0.57812,0,2,5,0,0,205.28,22
393,0.55511,0.39908,1,1,2,3,4,0.59854,1,0,5,0,0,205.88,23
394,0.49509,0.35204,1,1,2,3,4,0.36545,1,1,5,0,0,206.25,24
395,0,0.53596,2,1,0,2,5,0.6536,1,2,5,0,0,206.9,25
396,0.49677,0.28372,1,1,1,2,4,0.25567,0,0,5,0,0,207.15,26
397,0.54623,0.25964,1,1,2,3,5,0.59494,0,1,5,0,0,207.75,27
398,0,0.56618,3,1,0,3,5,0.56398,0,2,5,0,0,208.31,28
399,0.49051,0.39139,1,1,2,3,5,0.63314,0,3,5,0,0,208.95,29
400,0,0,3,1,0,3,0,0,1,0,5,1,0,208.95,30
401,0,0.55429,3,1,0,3,4,0.38532,1,0,5,0,0,209.33,31
402,0,0.58367,3,1,0,3,4,0.31968,1,1,5,0,0,209.65,32
403,0.5731,0.2983,1,1,1,2,5,0.64178,1,2,5,0,0,210.29,33
404,0.49474,0.35946,1,1,1,2,4,0.40591,0,0,5,0,0,210.7,34
405,0,0.6623,2,1,0,2,4,0.33079,0,1,5,0,0,211.03,35
406,0.43818,0.30626,1,1,2,3,5,0.52886,0,2,5,0,0,211.56,36
407,0,0.52754,3,1,0,3,5,0.55512,0,3,5,0,0,212.11,37
408,0.4405,0.35963,1,1,2,3,5,0.89202,0,4,5,0,0,213.01,38
409,0.53664,0.44635,1,1,2,3,5,0.75021,0,5,5,0,0,213.76,39
410,0.51836,0.41712,1,1,2,3,5,0.78387,0,6,5,0,0,214.54,40
411,0.5185,0.52367,1,1,2,3,5,0.43216,0,7,4,0,0,214.97,0
412,0,0,2,1,0,2,0,0,0,8,4,1,0,214.97,1
413,0.53938,0.2631,1,1,2,3,5,0.032123,0,8,4,0,0,215,2
414,0,0.54187,2,1,0,2,4,0.68658,0,9,4,0,0,215.69,3
415,0,0.55986,3,1,0,3,5,0.27995,0,10,4,0,0,215.97,4
416,0,0.60638,3,1,0,3,5,0.085424,0,11,4,0,0,216.06,5
417,0.58242,0.31309,1,1,1,2,5,0.093355,1,0,4,0,0,216.15,6
418,0,0.56634,2,1,0,2,5,0.11434,1,1,4,0,0,216.26,7
419,0.74041,0.40456,1,1,1,2,5,0.17939,1,2,4,0,0,216.44,8
420,0,0.50592,2,1,0,2,5,0.047583,1,3,4,0,0,216.49,9
421,0,0.53807,2,1,0,2,5,0.18657,1,4,4,0,0,216.68,10
422,0,0.45864,2,1,0,2,5,0.23011,1,5,4,0,0,216.91,11
423,0,0.49137,3,1,0,3,4,0.9603,1,6,4,0,0,217.87,12
424,0,0.49361,3,1,0,3,4,0.99414,1,7,4,0,0,218.86,13
425,0.56762,0.27292,1,1,2,3,4,0.98609,1,8,4,0,0,219.85,14
426,0,0.598,2,1,0,2,5,0.12789,1,9,4,0,0,219.98,15
427,0.52033,0.24927,1,1,2,3,4,0.96734,1,10,4,0,0,220.94,16
428,0,0.50841,3,1,0,3,5,0.009201,0,0,4,0,0,220.95,17
429,0.58226,0.18075,1,1,1,2,4,0.93968,0,1,4,0,0,221.89,18
430,0,0.48773,3,1,0,3,5,0.12876,0,2,4,0,0,222.02,19
431,0.48504,0.28642,1,1,1,2,4,0.97608,0,3,4,0,0,223,20
432,0,0.52396,2,1,0,2,4,0.92468,0,4,4,0,0,223.92,21
433,0.43374,0.26327,1,1,1,2,4,0.97812,0,5,4,0,0,224.9,22
434,0,0.52207,3,1,0,3,5,0.11308,0,6,4,0,0,225.01,23
435,0.42772,0.33316,1,1,1,2,4,0.98811,0,7,4,0,0,226,24
436,0.48995,0.40838,1,1,1,2,4,0.96215,0,8,4,0,0,226.96,25
437,0.50253,0.28432,1,1,1,2,4,0.95527,0,9,4,0,0,227.92,26
438,0.45777,0.36613,1,1,1,2,4,0.74912,0,10,4,0,0,228.67,27
439,0.55876,0.36632,1,1,1,2,4,0.42967,0,11,4,0,0,229.1,28
440,0,0.51704,3,1,0,3,4,0.23695,1,0,4,0,0,229.33,29
441,0.45148,0.27641,1,1,1,2,5,0.66047,1,1,4,0,0,230,30
442,0.48537,0.30977,1,1,1,2,5,0.6344,1,2,4,0,0,230.63,31
443,0,0.54829,2,1,0,2,5,0.62843,1,3,4,0,0,231.26,32
444,0.4945,0.3237,1,1,1,2,5,0.4703,1,4,4,0,0,231.73,33
445,0,0.58844,2,1,0,2,5,0.45209,1,5,4,0,0,232.18,34
446,0,0.49255,3,1,0,3,4,0.5718,1,6,4,0,0,232.75,35
447,0,0.54777,2,1,0,2,5,0.15627,1,7,4,0,0,232.91,36
448,0,0.49887,3,1,0,3,4,0.8789,1,8,4,0,0,233.79,37
449,0.47563,0.26987,1,1,2,3,4,0.98986,1,9,4,0,0,234.78,38
450,0.5052,0.27688,1,1,2,3,4,0.7887,1,10,4,0,0,235.57,39
451,0.46467,0.29381,1,1,2,3,5,0.11277,0,0,4,0,0,235.68,40
452,0.64824,0.29204,1,1,1,2,4,0.07692,0,1,5,0,0,235.76,0
453,0.4264,0.27245,1,1,2,3,5,0.62111,0,2,5,0,0,236.38,1
454,0,0.5315,3,1,0,3,5,0.65824,0,3,5,0,0,237.03,2
455,0,0.50703,2,1,0,2,4,0.011465,0,4,5,0,0,237.05,3
456,0.48202,0.24832,1,1,2,3,5,0.98681,0,5,5,0,0,238.03,4
457,0.48077,0.22379,1,1,2,3,5,0.85718,0,6,5,0,0,238.89,5
458,0.44637,0.3174,1,1,2,3,5,0.98515,0,7,5,0,0,239.88,6
459,0.48047,0.319,1,1,2,3,5,0.97219,0,8,5,0,0,240.85,7
460,0,0.57989,2,1,0,2,4,0.20282,0,9,5,0,0,241.05,8
461,0.48519,0.29322,1,1,2,3,5,0.64429,0,10,5,0,0,241.69,9
462,0.45425,0.33581,1,1,2,3,5,0.99953,0,11,5,0,0,242.69,10
463,0,0.60305,2,1,0,2,4,0.002094,0,12,5,0,0,242.7,11
464,0.7377,0.46263,1,1,2,3,5,0.70351,0,13,5,0,0,243.4,12
465,0,0.55731,3,1,0,3,4,0.056739,1,0,5,0,0,243.46,13
466,0.56556,0.27264,1,1,2,3,4,0.057986,1,1,5,0,0,243.51,14
467,0,0.56486,2,1,0,2,5,0.93324,1,2,5,0,0,244.45,15
468,0.51637,0.28212,1,1,1,2,5,0.75537,1,3,5,0,0,245.2,16
469,0,0.47891,2,1,0,2,5,0.42042,1,4,5,0,0,245.62,17
470,0.49861,0.38507,1,1,1,2,5,0.51365,1,5,5,0,0,246.14,18
471,0,0.53117,3,1,0,3,4,0.10719,1,6,5,0,0,246.24,19
472,0,0.51973,3,1,0,3,4,0.23587,1,7,5,0,0,246.48,20
473,0.53463,0.41594,1,1,1,2,5,0.73536,1,8,5,0,0,247.22,21
474,0,0.52822,2,1,0,2,5,0.89291,1,9,5,0,0,248.11,22
475,0,0.49893,2,1,0,2,5,0.9702,1,10,5,0,0,249.08,23
476,0,0.64929,3,1,0,3,4,0.26871,1,11,5,0,0,249.35,24
477,0,0.45324,2,1,0,2,5,0.99046,1,12,5,0,0,250.34,25
478,0.52237,0.29857,1,1,1,2,5,0.95265,1,13,5,0,0,251.29,26
479,0,0.50202,2,1,0,2,4,0.24513,0,0,5,0,0,251.54,27
480,0,0.59102,2,1,0,2,4,0.091741,0,1,5,0,0,251.63,28
481,0.57063,0.43349,1,1,2,3,5,0.86806,0,2,5,0,0,252.5,29
482,0.44643,0.35113,1,1,2,3,5,0.86333,0,3,5,0,0,253.36,30
483,0,0.54376,3,1,0,3,5,0.9663,0,4,5,0,0,254.33,31
484,0,0.48673,3,1,0,3,5,0.9956,0,5,5,0,0,255.32,32
485,0,0.50638,3,1,0,3,5,0.9862,0,6,5,0,0,256.31,33
486,0,0.41527,3,1,0,3,5,0.93365,0,7,5,0,0,257.24,34
487,0,0.46453,3,1,0,3,5,0.98685,0,8,5,0,0,258.23,35
488,0.67891,0.27075,1,1,2,3,5,0.87234,0,9,5,0,0,259.1,36
489,0.52908,0.35091,1,1,2,3,5,0.85044,0,10,5,0,0,259.95,37
490,0.4713,0.34532,1,1,2,3,5,0.71784,0,11,5,0,0,260.67,38
491,0.53374,0.33355,1,1,2,3,5,0.76464,0,12,5,0,0,261.43,39
492,0,0.62353,3,1,0,3,5,0.69762,0,13,5,0,0,262.13,40
493,0.44564,0.42822,1,1,2,3,4,0.70619,1,0,4,0,0,262.84,0
494,0.51324,0.3305,1,1,2,3,4,0.79586,1,1,4,0,0,263.63,1
495,0,0.50077,2,1,0,2,5,0.29423,1,2,4,0,0,263.93,2
496,0,0.46353,3,1,0,3,4,0.8519,1,3,4,0,0,264.78,3
497,0.49272,0.32801,1,1,2,3,4,0.80925,1,4,4,0,0,265.59,4
498,0,0.51606,2,1,0,2,5,0.35797,1,5,4,0,0,265.95,5
499,0.56443,0.25869,1,1,2,3,4,0.71367,1,6,4,0,0,266.66,6
500,0,0.47818,3,1,0,3,4,0.56673,1,7,4,0,0,267.23,7
501,0.44824,0.27701,1,1,2,3,4,0.64781,1,8,4,0,0,267.87,8
502,0.53169,0.29178,1,1,2,3,4,0.53303,1,9,4,0,0,268.41,9
503,0,0.56495,3,1,0,3,4,0.56806,1,10,4,0,0,268.98,10
504,0.53513,0.29607,1,1,2,3,4,0.56992,1,11,4,0,0,269.55,11
505,0.44843,0.38159,1,1,2,3,5,0.51708,0,0,4,0,0,270.06,12
506,0.48249,0.39989,1,1,2,3,5,0.78006,0,1,4,0,0,270.84,13
507,0.48169,0.31387,1,1,2,3,5,0.51704,0,2,4,0,0,271.36,14
508,0.47184,0.32571,1,1,2,3,5,0.46548,0,3,4,0,0,271.82,15
509,0,0.583,3,1,0,3,5,0.32468,0,4,4,0,0,272.15,16
510,0,0,1,1,0,0,0,0,0,5,4,1,0,272.15,17
511,0,0.61387,2,1,0,2,4,0.89736,0,5,4,0,0,273.05,18
512,0,0.54584,3,1,0,3,5,0.13639,0,6,4,0,0,273.18,19
513,0,0.52338,3,1,0,3,5,0.37029,0,7,4,0,0,273.55,20
514,0.52115,0,1,1,1,2,0,0,0,8,4,0,1,273.55,21
515,0,0.54069,3,1,0,3,5,0.3226,0,8,4,0,0,273.88,22
516,0,0,2,1,0,2,0,0,0,9,4,1,0,273.88,23
517,0,0.64518,3,1,0,3,5,0.44976,0,9,4,0,0,274.33,24
518,0.52156,0.29994,1,1,1,2,4,0.78102,0,10,4,0,0,275.11,25
519,0,0.518,2,1,0,2,4,0.59407,0,11,4,0,0,275.7,26
520,0.50988,0.23172,1,1,1,2,4,0.8267,0,12,4,0,0,276.53,27
521,0,0.4871,2,1,0,2,5,0.006689,1,0,4,0,0,276.53,28
522,0,0.63207,2,1,0,2,5,0.026677,1,1,4,0,0,276.56,29
523,0.48182,0.32628,1,1,2,3,4,0.96405,1,2,4,0,0,277.52,30
524,0.69587,0,1,1,1,2,0,0,1,3,4,0,1,277.52,31
525,0,0.53354,2,1,0,2,5,0.14448,1,3,4,0,0,277.67,32
526,0,0.53858,3,1,0,3,4,0.90653,1,4,4,0,0,278.58,33
527,0.5245,0.27592,1,1,2,3,4,0.93157,1,5,4,0,0,279.51,34
528,0,0.52468,3,1,0,3,4,0.89484,1,6,4,0,0,280.4,35
529,0.46536,0.33572,1,1,2,3,4,0.9891,1,7,4,0,0,281.39,36
530,0,0,3,1,0,3,0,0,1,8,4,1,0,281.39,37
531,0.52969,0.35936,1,1,2,3,4,0.99165,1,8,4,0,0,282.38,38
532,0.58064,0.33521,1,1,2,3,4,0.97402,1,9,4,0,0,283.36,39
533,0,0,2,1,0,2,0,0,1,10,4,1,0,283.36,40
534,0,0.55104,2,1,0,2,5,0.90147,1,10,5,0,0,284.26,0
535,0,0.48924,2,1,0,2,5,0.92759,1,11,5,0,0,285.19,1
536,0,0.48357,2,1,0,2,5,0.89242,1,12,5,0,0,286.08,2
537,0.48736,0.29599,1,1,1,2,4,0.28087,0,0,5,0,0,286.36,3
538,0.46213,0.30233,1,1,2,3,5,0.87289,0,1,5,0,0,287.23,4
539,0,0.59567,3,1,0,3,5,0.93769,0,2,5,0,0,288.17,5
540,0.51007,0.28856,1,1,2,3,5,0.68089,0,3,5,0,0,288.85,6
541,0.70332,0.35145,1,1,2,3,5,0.56518,0,4,5,0,0,289.42,7
542,0,0.57317,3,1,0,3,5,0.6512,0,5,5,0,0,290.07,8
543,0.56632,0.47316,1,1,2,3,5,0.96629,0,6,5,0,0,291.03,9
544,0,0.57098,3,1,0,3,5,0.93669,0,7,5,0,0,291.97,10
545,0.46807,0.30034,1,1,2,3,5,0.65523,0,8,5,0,0,292.63,11
546,0,0,2,1,0,2,0,0,0,9,5,1,0,292.63,12
547,0,0.48262,3,1,0,3,5,0.78378,0,9,5,0,0,293.41,13
548,0,0.52884,3,1,0,3,5,0.85944,0,10,5,0,0,294.27,14
549,0.55112,0.35617,1,1,2,3,5,0.72643,0,11,5,0,0,295,15
550,0.57968,0.29868,1,1,2,3,4,0.13024,1,0,5,0,0,295.13,16
551,0,0.57754,2,1,0,2,5,0.95724,1,1,5,0,0,296.08,17
552,0,0.49561,2,1,0,2,5,0.65666,1,2,5,0,0,296.74,18
553,0.56844,0.28629,1,1,1,2,5,0.57299,1,3,5,0,0,297.31,19
554,0,0.59621,3,1,0,3,4,0.036614,1,4,5,0,0,297.35,20
555,0.51287,0.36328,1,1,2,3,4,0.018762,1,5,5,0,0,297.37,21
556,0.49173,0.25617,1,1,1,2,5,0.95346,1,6,5,0,0,298.32,22
557,0.48035,0.32835,1,1,1,2,5,0.9116,1,7,5,0,0,299.23,23
558,0,0.59575,3,1,0,3,4,0.036944,1,8,5,0,0,299.27,24
559,0,0.45217,2,1,0,2,5,0.91749,1,9,5,0,0,300.19,25
560,0.54121,0.25834,1,1,1,2,5,0.75291,1,10,5,0,0,300.94,26
561,0,0.52304,2,1,0,2,5,0.82885,1,11,5,0,0,301.77,27
562,0,0.59554,3,1,0,3,4,0.065376,1,12,5,0,0,301.83,28
563,0,0.51745,3,1,0,3,5,0.97758,0,0,5,0,0,302.81,29
564,0,0.51167,3,1,0,3,5,0.9085,0,1,5,0,0,303.72,30
565,0.52601,0.31665,1,1,2,3,5,0.62357,0,2,5,0,0,304.34,31
566,0.51054,0.20937,1,1,2,3,5,0.8025,0,3,5,0,0,305.15,32
567,0,0.51007,3,1,0,3,5,0.78273,0,4,5,0,0,305.93,33
568,0,0,2,1,0,2,0,0,0,5,5,1,0,305.93,34
569,0.64278,0.30792,1,1,2,3,5,0.94839,0,5,5,0,0,306.88,35
570,0.50748,0.23103,1,1,2,3,5,0.91096,0,6,5,0,0,307.79,36
571,0.53444,0.34736,1,1,2,3,5,0.82806,0,7,5,0,0,308.62,37
572,0.55697,0.33963,1,1,2,3,5,0.73489,0,8,5,0,0,309.35,38
573,0.62607,0.36414,1,1,2,3,5,0.99019,0,9,5,0,0,310.34,39
574,0.61988,0.26066,1,1,2,3,5,0.70492,0,10,5,0,0,311.05,40
575,0,0.56087,2,1,0,2,5,0.38421,1,0,4,0,0,311.43,0
576,0.46921,0.21102,1,1,2,3,4,0.83886,1,1,4,0,0,312.27,1
577,0.57943,0.35302,1,1,2,3,4,0.88046,1,2,4,0,0,313.15,2
578,0,0.57709,2,1,0,2,5,0.020333,1,3,4,0,0,313.17,3
579,0.61403,0.30131,1,1,2,3,4,0.88562,1,4,4,0,0,314.06,4
580,0,0.44526,3,1,0,3,4,0.96037,1,5,4,0,0,315.02,5
581,0,0.54692,2,1,0,2,5,0.28042,1,6,4,0,0,315.3,6
582,0,0.5021,2,1,0,2,5,0.017334,1,7,4,0,0,315.31,7
583,0,0.56527,3,1,0,3,4,0.88131,1,8,4,0,0,316.2,8
584,0,0.48616,3,1,0,3,4,0.8241,1,9,4,0,0,317.02,9
585,0,0.56844,2,1,0,2,5,0.11129,1,10,4,0,0,317.13,10
586,0.65241,0,1,1,2,3,0,0,0,0,4,0,1,317.13,11
587,0,0.57728,3,1,0,3,5,0.025612,0,0,4,0,0,317.16,12
588,0,0.54601,3,1,0,3,5,0.15814,0,1,4,0,0,317.31,13
589,0,0,1,1,0,0,0,0,0,2,4,1,0,317.31,14
590,0.59509,0.26321,1,1,1,2,4,0.82931,0,2,4,0,0,318.14,15
591,0.52971,0.34495,1,1,1,2,4,0.86907,0,3,4,0,0,319.01,16
592,0.5254,0.3983,1,1,1,2,4,0.94951,0,4,4,0,0,319.96,17
593,0.64318,0.19209,1,1,1,2,4,0.89867,0,5,4,0,0,320.86,18
594,0,0.73814,2,1,0,2,4,0.92213,0,6,4,0,0,321.78,19
595,0,0.66229,3,1,0,3,5,0.13701,0,7,4,0,0,321.92,20
596,0.61623,0.2615,1,1,1,2,4,0.68591,0,8,4,0,0,322.61,21
597,0,0.63667,3,1,0,3,5,0.54546,0,9,4,0,0,323.15,22
598,0,0.67084,3,1,0,3,5,0.40354,0,10,4,0,0,323.56,23
599,0,0.72145,2,1,0,2,4,0.8859,0,11,4,0,0,324.44,24
600,0,0.5638,3,1,0,3,5,0.27286,0,12,4,0,0,324.71,25
