1,0.74505,0,1,1,2,3,0,0,0,0,4,1,0,0,0
2,0.53205,0.49729,1,1,1,2,4,0.40923,0,0,4,0,0,0.40923,1
3,0.63185,0.66412,1,1,1,2,4,0.50844,0,1,4,0,0,0.91767,2
4,0,0,2,1,0,2,0,0,0,2,4,1,0,0.91767,3
5,0,0,3,1,0,3,0,0,0,2,4,0,1,0.91767,4
6,0.65755,0.62235,1,1,1,2,4,0.55641,0,2,4,0,0,1.4741,5
7,0,0.68734,3,1,0,3,5,0.0659,0,3,4,0,0,1.54,6
8,0.47949,0.53774,1,1,1,2,4,0.58472,0,4,4,0,0,2.1247,7
9,0.56864,0.53039,1,1,2,3,5,0.17701,0,5,4,0,0,2.3017,8
10,0,0,1,1,0,0,0,0,0,6,4,1,0,2.3017,9
11,0,0,3,1,0,3,0,0,0,6,4,1,0,2.3017,10
12,0.7311,0.64286,1,1,1,2,4,0.97523,0,6,4,0,0,3.2769,11
13,0.69631,0,1,1,1,2,0,0,0,7,4,1,0,3.2769,12
14,0,0,3,1,0,3,0,0,0,7,4,1,0,3.2769,13
15,0.69085,0,1,1,1,2,0,0,0,7,4,1,0,3.2769,14
16,0.52546,0.61242,1,1,1,2,4,0.95709,0,7,4,0,0,4.234,15
17,0.728,0,1,1,2,3,0,0,0,8,4,1,0,4.234,16
18,0,0,2,1,0,2,0,0,0,8,4,1,0,4.234,17
19,0,0,3,1,0,3,0,0,0,8,4,1,0,4.234,18
20,0.5392,0.72883,1,1,2,3,5,0.10095,0,8,4,0,0,4.335,19
21,0,0,2,1,0,2,0,0,0,9,4,1,0,4.335,20
22,0.65316,0.53079,1,1,1,2,4,0.84834,0,9,4,0,0,5.1833,21
23,0,0,2,1,0,2,0,0,1,0,4,1,0,5.1833,22
24,0,0,1,1,0,0,0,0,1,0,4,1,0,5.1833,23
25,0,0,2,1,0,2,0,0,1,0,4,1,0,5.1833,24
26,0,0,3,1,0,3,0,0,1,0,4,1,0,5.1833,25
27,0,0.63933,3,1,0,3,4,0.80378,1,0,4,0,0,5.9871,26
28,0,0.64826,3,1,0,3,4,0.74658,1,1,4,0,0,6.7337,27
29,0,0,2,1,0,2,0,0,1,2,4,1,0,6.7337,28
30,0.62728,0.62665,1,1,1,2,5,0.064606,1,2,4,0,0,6.7983,29
31,0.53341,0,1,1,2,3,0,0,1,3,4,1,0,6.7983,30
32,0,0,1,1,0,0,0,0,1,3,4,1,0,6.7983,31
33,0,0.66314,2,1,0,2,5,0.11316,1,3,4,0,0,6.9115,32
34,0,0,3,1,0,3,0,0,1,4,4,1,0,6.9115,33
35,0,0.63393,3,1,0,3,4,0.80509,1,4,4,0,0,7.7165,34
36,0,0.66148,3,1,0,3,4,0.93153,1,5,4,0,0,8.6481,35
37,0,0.65699,2,1,0,2,5,0.2151,1,6,4,0,0,8.8632,36
38,0,0.61133,3,1,0,3,4,0.73085,1,7,4,0,0,9.594,37
39,0.64088,0.59854,1,1,2,3,4,0.79145,1,8,4,0,0,10.385,38
40,0.68219,0.68337,1,1,1,2,5,0.036617,1,9,4,0,0,10.422,39
41,0,0.68731,3,1,0,3,5,0.01798,0,0,4,0,0,10.44,40
42,0,0.67687,2,1,0,2,4,0.83574,0,1,4,0,0,11.276,41
43,0.70591,0.51902,1,1,1,2,4,0.072778,0,2,5,0,0,11.349,0
44,0,0,2,1,0,2,0,0,0,3,5,1,0,11.349,1
45,0.65736,0.61216,1,1,1,2,4,0.10025,0,3,5,0,0,11.449,2
46,0,0,1,1,0,0,0,0,0,4,5,1,0,11.449,3
47,0.49476,0,1,1,2,3,0,0,0,4,5,1,0,11.449,4
48,0,0,2,1,0,2,0,0,0,4,5,1,0,11.449,5
49,0.52712,0.50739,1,1,2,3,5,0.55391,0,4,5,0,0,12.003,6
50,0.61532,0,1,1,2,3,0,0,0,5,5,1,0,12.003,7
51,0.64213,0.74853,1,1,1,2,4,0.35393,0,5,5,0,0,12.357,8
52,0.59593,0.62593,1,1,2,3,5,0.73071,0,6,5,0,0,13.087,9
53,0.60137,0.49685,1,1,1,2,4,0.010182,0,7,5,0,0,13.098,10
54,0.58518,0.7493,1,1,1,2,4,0.070508,0,8,5,0,0,13.168,11
55,0.45408,0.63866,1,1,1,2,5,0.92911,1,0,5,0,0,14.097,12
56,0,0.72615,3,1,0,3,4,0.005899,1,1,5,0,0,14.103,13
57,0.67604,0.49052,1,1,1,2,5,0.73971,1,2,5,0,0,14.843,14
58,0,0.72147,3,1,0,3,4,0.30672,1,3,5,0,0,15.15,15
59,0.65336,0.55221,1,1,2,3,4,0.034215,1,4,5,0,0,15.184,16
60,0,0.71136,2,1,0,2,5,0.89204,1,5,5,0,0,16.076,17
61,0,0,3,1,0,3,0,0,1,6,5,1,0,16.076,18
62,0,0.63829,2,1,0,2,5,0.86816,1,6,5,0,0,16.944,19
63,0.57525,0.6738,1,1,1,2,5,0.89002,1,7,5,0,0,17.834,20
64,0,0.61793,3,1,0,3,4,0.17596,1,8,5,0,0,18.01,21
65,0,0.67886,2,1,0,2,4,0.33016,0,0,5,0,0,18.34,22
66,0.61976,0.6616,1,1,2,3,5,0.67511,0,1,5,0,0,19.015,23
67,0.69667,0.58083,1,1,2,3,5,0.70646,0,2,5,0,0,19.722,24
68,0.631,0.53424,1,1,2,3,5,0.93673,0,3,5,0,0,20.658,25
69,0,0.7002,3,1,0,3,5,0.88934,0,4,5,0,0,21.548,26
70,0,0,2,1,0,2,0,0,0,5,5,1,0,21.548,27
71,0.7198,0.65921,1,1,2,3,5,0.93711,0,5,5,0,0,22.485,28
72,0.74934,0.63992,1,1,2,3,5,0.96374,0,6,5,0,0,23.449,29
73,0,0,1,1,0,0,0,0,0,7,5,1,0,23.449,30
74,0,0.71282,2,1,0,2,4,0.005383,0,7,5,0,0,23.454,31
75,0.59606,0.60204,1,1,1,2,4,0.20536,0,8,5,0,0,23.659,32
76,0.56199,0.5112,1,1,2,3,4,0.071337,1,0,5,0,0,23.731,33
77,0.60585,0,1,1,2,3,0,0,1,1,5,0,1,23.731,34
78,0,0,2,1,0,2,0,0,1,1,5,1,0,23.731,35
79,0.49131,0.52999,1,1,1,2,5,0.54633,1,1,5,0,0,24.277,36
80,0,0,3,1,0,3,0,0,1,2,5,1,0,24.277,37
81,0,0.57663,3,1,0,3,4,0.45906,1,2,5,0,0,24.736,38
82,0.54578,0.66048,1,1,2,3,4,0.34275,1,3,5,0,0,25.079,39
83,0.64471,0.58422,1,1,1,2,5,0.76354,1,4,5,0,0,25.842,40
84,0,0.73482,3,1,0,3,4,0.008604,1,5,5,0,0,25.851,41
85,0.57061,0.65264,1,1,2,3,4,0.88474,1,6,4,0,0,26.736,0
86,0,0.7272,2,1,0,2,5,0.43105,1,7,4,0,0,27.167,1
87,0.70035,0.73072,1,1,1,2,4,0.89934,0,0,4,0,0,28.066,2
88,0,0.72412,2,1,0,2,4,0.68221,0,1,4,0,0,28.748,3
89,0.70322,0.56859,1,1,1,2,4,0.84556,0,2,4,0,0,29.594,4
90,0.58971,0.54239,1,1,2,3,5,0.01828,0,3,4,0,0,29.612,5
91,0,0.70018,2,1,0,2,4,0.8872,0,4,4,0,0,30.499,6
92,0,0,2,1,0,2,0,0,0,5,4,1,0,30.499,7
93,0.71267,0.73787,1,1,1,2,4,0.71219,0,5,4,0,0,31.211,8
94,0,0.69922,3,1,0,3,5,0.22159,0,6,4,0,0,31.433,9
95,0,0.6755,3,1,0,3,5,0.099654,0,7,4,0,0,31.533,10
96,0,0,1,1,0,0,0,0,0,8,4,1,0,31.533,11
97,0.63169,0,1,1,1,2,0,0,0,8,4,1,0,31.533,12
98,0.60802,0,1,1,2,3,0,0,0,8,4,1,0,31.533,13
99,0,0,3,1,0,3,0,0,0,8,4,1,0,31.533,14
100,0,0,2,1,0,2,0,0,0,8,4,1,0,31.533,15
101,0.56791,0,1,1,2,3,0,0,0,8,4,1,0,31.533,16
102,0,0,1,1,0,0,0,0,0,8,4,1,0,31.533,17
103,0.67936,0.54122,1,1,2,3,5,0.4266,0,8,4,0,0,31.959,18
104,0,0,3,1,0,3,0,0,0,9,4,1,0,31.959,19
105,0.66639,0.71136,1,1,1,2,4,0.94943,0,9,4,0,0,32.909,20
106,0.61788,0.49917,1,1,2,3,4,0.98401,1,0,4,0,0,33.893,21
107,0,0,2,1,0,2,0,0,1,1,4,1,0,33.893,22
108,0,0.46294,3,1,0,3,4,0.80426,1,1,4,0,0,34.697,23
109,0,0.70294,2,1,0,2,5,0.2095,1,2,4,0,0,34.907,24
110,0,0.74769,3,1,0,3,4,0.93767,1,3,4,0,0,35.844,25
111,0.65135,0,1,1,1,2,0,0,1,4,4,1,0,35.844,26
112,0.66565,0.75305,1,1,2,3,4,0.8686,1,4,4,0,0,36.713,27
113,0.66447,0.70343,1,1,1,2,5,0.11474,1,5,4,0,0,36.828,28
114,0,0,2,1,0,2,0,0,1,6,4,1,0,36.828,29
115,0,0.6673,2,1,0,2,5,0.072219,1,6,4,0,0,36.9,30
116,0,0.68928,3,1,0,3,4,0.80126,1,7,4,0,0,37.701,31
117,0,0,1,1,0,0,0,0,1,8,4,1,0,37.701,32
118,0.61039,0,1,1,1,2,0,0,1,8,4,1,0,37.701,33
119,0,0.61743,2,1,0,2,5,0.052362,1,8,4,0,0,37.753,34
120,0,0.68634,3,1,0,3,4,0.89634,1,9,4,0,0,38.65,35
121,0.61389,0.67864,1,1,1,2,4,0.77404,0,0,4,0,0,39.424,36
122,0,0,3,1,0,3,0,0,0,1,4,1,0,39.424,37
123,0,0.74254,3,1,0,3,5,0.044353,0,1,4,0,0,39.468,38
124,0,0.57518,3,1,0,3,5,0.27361,0,2,4,0,0,39.742,39
125,0,0,2,1,0,2,0,0,0,3,4,1,0,39.742,40
126,0,0.65051,2,1,0,2,4,0.36541,0,3,4,0,0,40.107,41
127,0,0.58431,3,1,0,3,5,0.3173,0,4,5,0,0,40.424,0
128,0.65929,0.64434,1,1,1,2,4,0.76731,0,5,5,0,0,41.192,1
129,0.50909,0.66732,1,1,2,3,5,0.037608,0,6,5,0,0,41.229,2
130,0.63466,0.53915,1,1,1,2,5,0.24525,1,0,5,0,0,41.475,3
131,0,0,2,1,0,2,0,0,1,1,5,1,0,41.475,4
132,0,0,1,1,0,0,0,0,1,1,5,1,0,41.475,5
133,0.53648,0.5333,1,1,1,2,5,0.55587,1,1,5,0,0,42.03,6
134,0,0,1,1,0,0,0,0,1,2,5,1,0,42.03,7
135,0,0,1,1,0,0,0,0,1,2,5,1,0,42.03,8
136,0.57008,0.56486,1,1,1,2,5,0.94842,1,2,5,0,0,42.979,9
137,0,0.66686,3,1,0,3,4,0.19812,1,3,5,0,0,43.177,10
138,0.68229,0.42956,1,1,1,2,5,0.94312,1,4,5,0,0,44.12,11
139,0,0.7488,2,1,0,2,5,0.76765,1,5,5,0,0,44.888,12
140,0,0.74332,3,1,0,3,4,0.049075,1,6,5,0,0,44.937,13
141,0,0.62193,3,1,0,3,4,0.12886,1,7,5,0,0,45.066,14
142,0,0,1,1,0,0,0,0,1,8,5,1,0,45.066,15
143,0,0,2,1,0,2,0,0,1,8,5,1,0,45.066,16
144,0.62814,0.57152,1,1,1,2,5,0.48292,1,8,5,0,0,45.549,17
145,0,0,2,1,0,2,0,0,0,0,5,1,0,45.549,18
146,0,0,1,1,0,0,0,0,0,0,5,1,0,45.549,19
147,0.66554,0.56752,1,1,2,3,5,0.89687,0,0,5,0,0,46.446,20
148,0,0,1,1,0,0,0,0,0,1,5,1,0,46.446,21
149,0,0,3,1,0,3,0,0,0,1,5,1,0,46.446,22
150,0,0.66255,3,1,0,3,5,0.86192,0,1,5,0,0,47.307,23
151,0,0.64484,3,1,0,3,5,0.93768,0,2,5,0,0,48.245,24
152,0.66217,0.54688,1,1,1,2,4,0.063881,0,3,5,0,0,48.309,25
153,0.64057,0,1,1,1,2,0,0,0,4,5,1,0,48.309,26
154,0,0.64529,2,1,0,2,4,0.055697,0,4,5,0,0,48.365,27
155,0,0,3,1,0,3,0,0,0,5,5,1,0,48.365,28
156,0,0.45691,3,1,0,3,5,0.8195,0,5,5,0,0,49.184,29
157,0,0.63663,3,1,0,3,5,0.69245,0,6,5,0,0,49.877,30
158,0.66269,0.53836,1,1,2,3,5,0.90455,0,7,5,0,0,50.781,31
159,0,0,2,1,0,2,0,0,0,8,5,1,0,50.781,32
160,0,0,1,1,0,0,0,0,0,8,5,1,0,50.781,33
161,0.43544,0,1,1,2,3,0,0,0,8,5,1,0,50.781,34
162,0,0,2,1,0,2,0,0,0,8,5,1,0,50.781,35
163,0,0.63831,2,1,0,2,4,0.31953,0,8,5,0,0,51.101,36
164,0,0,2,1,0,2,0,0,0,9,5,1,0,51.101,37
165,0.69458,0.75304,1,1,1,2,4,0.29077,0,9,5,0,0,51.391,38
166,0,0,3,1,0,3,0,0,1,0,5,1,0,51.391,39
167,0,0.40869,3,1,0,3,4,0.14662,1,0,5,0,0,51.538,40
168,0.69266,0.58121,1,1,1,2,5,0.73119,1,1,5,0,0,52.269,41
169,0.66414,0,1,1,1,2,0,0,1,2,4,1,0,52.269,0
170,0,0.71005,3,1,0,3,4,0.94427,1,2,4,0,0,53.214,1
171,0,0,2,1,0,2,0,0,1,3,4,0,1,53.214,2
172,0.60252,0.60347,1,1,1,2,5,0.004551,1,3,4,0,0,53.218,3
173,0.59993,0,1,1,2,3,0,0,1,4,4,1,0,53.218,4
174,0,0,2,1,0,2,0,0,1,4,4,1,0,53.218,5
175,0,0.55531,3,1,0,3,4,0.85632,1,4,4,0,0,54.074,6
176,0,0,1,1,0,0,0,0,1,5,4,1,0,54.074,7
177,0,0.73764,3,1,0,3,4,0.88,1,5,4,0,0,54.954,8
178,0.64518,0.54853,1,1,2,3,4,0.97058,1,6,4,0,0,55.925,9
179,0.56814,0.45538,1,1,2,3,4,0.47417,1,7,4,0,0,56.399,10
180,0.61001,0.42727,1,1,1,2,5,0.59322,1,8,4,0,0,56.992,11
181,0,0,2,1,0,2,0,0,0,0,4,1,0,56.992,12
182,0.65032,0.53099,1,1,1,2,4,0.2186,0,0,4,0,0,57.211,13
183,0.46579,0.56449,1,1,1,2,4,0.32595,0,1,4,0,0,57.537,14
184,0,0.69645,3,1,0,3,5,0.58912,0,2,4,0,0,58.126,15
185,0.56422,0.59709,1,1,2,3,5,0.050242,0,3,4,0,0,58.176,16
186,0.61675,0.55758,1,1,2,3,5,0.014596,0,4,4,0,0,58.191,17
187,0,0,1,1,0,0,0,0,0,5,4,1,0,58.191,18
188,0,0.71945,3,1,0,3,5,0.12394,0,5,4,0,0,58.315,19
189,0,0.69044,2,1,0,2,4,0.75847,0,6,4,0,0,59.073,20
190,0.6114,0.53943,1,1,1,2,5,0.085471,1,0,4,0,0,59.159,21
191,0.55056,0,1,1,1,2,0,0,1,1,4,1,0,59.159,22
192,0,0.67558,3,1,0,3,4,0.7483,1,1,4,0,0,59.907,23
193,0.62737,0.71948,1,1,1,2,5,0.077604,1,2,4,0,0,59.985,24
194,0,0.62336,3,1,0,3,4,0.87442,1,3,4,0,0,60.859,25
195,0,0.60496,3,1,0,3,4,0.90589,1,4,4,0,0,61.765,26
196,0,0.71218,2,1,0,2,5,0.038077,1,5,4,0,0,61.803,27
197,0,0.67378,3,1,0,3,4,0.83488,1,6,4,0,0,62.638,28
198,0.71868,0.49787,1,1,2,3,4,0.59353,1,7,4,0,0,63.231,29
199,0.62968,0,1,1,1,2,0,0,1,8,4,1,0,63.231,30
200,0,0.60093,3,1,0,3,4,0.99669,1,8,4,0,0,64.228,31
201,0,0,1,1,0,0,0,0,1,9,4,1,0,64.228,32
202,0,0.69154,3,1,0,3,4,0.98731,1,9,4,0,0,65.215,33
203,0,0.52306,3,1,0,3,5,0.021282,0,0,4,0,0,65.237,34
204,0.64798,0.73972,1,1,1,2,4,0.81861,0,1,4,0,0,66.055,35
205,0,0.6978,2,1,0,2,4,0.95619,0,2,4,0,0,67.012,36
206,0,0,1,1,0,0,0,0,0,3,4,1,0,67.012,37
207,0.44532,0.7322,1,1,1,2,4,0.91915,0,3,4,0,0,67.931,38
208,0,0.64703,3,1,0,3,5,0.18467,0,4,4,0,0,68.115,39
209,0,0.55229,3,1,0,3,4,0.81072,1,0,4,0,0,68.926,40
210,0,0.65041,3,1,0,3,4,0.73505,1,1,4,0,0,69.661,41
211,0.66407,0.52691,1,1,2,3,4,0.39984,1,2,5,0,0,70.061,0
212,0,0,2,1,0,2,0,0,1,3,5,1,0,70.061,1
213,0,0.70479,2,1,0,2,5,0.88806,1,3,5,0,0,70.949,2
214,0,0.68825,3,1,0,3,5,0.7169,0,0,5,0,0,71.666,3
215,0.7203,0.74759,1,1,2,3,5,0.99921,0,1,5,0,0,72.665,4
216,0,0.61673,3,1,0,3,5,0.84103,0,2,5,0,0,73.506,5
217,0,0.74926,2,1,0,2,4,0.049593,0,3,5,0,0,73.556,6
218,0,0.67622,3,1,0,3,5,0.98055,0,4,5,0,0,74.536,7
219,0,0.52061,2,1,0,2,5,0.75995,1,0,5,0,0,75.296,8
220,0,0,2,1,0,2,0,0,1,1,5,0,1,75.296,9
221,0,0.61266,3,1,0,3,4,0.11206,1,1,5,0,0,75.408,10
222,0.70149,0.65964,1,1,1,2,5,0.85028,1,2,5,0,0,76.259,11
223,0,0,2,1,0,2,0,0,1,3,5,1,0,76.259,12
224,0.64965,0.53121,1,1,1,2,5,0.95437,1,3,5,0,0,77.213,13
225,0.70067,0.64587,1,1,1,2,4,0.26485,0,0,5,0,0,77.478,14
226,0.68107,0.64933,1,1,1,2,4,0.19452,0,1,5,0,0,77.672,15
227,0,0,1,1,0,0,0,0,0,2,5,1,0,77.672,16
228,0,0.71008,3,1,0,3,5,0.81439,0,2,5,0,0,78.487,17
229,0.69658,0.49381,1,1,2,3,5,0.81754,0,3,5,0,0,79.304,18
230,0.65683,0.47754,1,1,2,3,5,0.93616,0,4,5,0,0,80.24,19
231,0,0.63876,3,1,0,3,5,0.83365,0,5,5,0,0,81.074,20
232,0.68341,0.50493,1,1,2,3,4,0.21426,1,0,5,0,0,81.288,21
233,0,0,2,1,0,2,0,0,1,1,5,1,0,81.288,22
234,0.67747,0,1,1,1,2,0,0,1,1,5,1,0,81.288,23
235,0,0,3,1,0,3,0,0,1,1,5,1,0,81.288,24
236,0,0,2,1,0,2,0,0,1,1,5,1,0,81.288,25
237,0,0,3,1,0,3,0,0,1,1,5,1,0,81.288,26
238,0.70575,0,1,1,1,2,0,0,1,1,5,1,0,81.288,27
239,0,0,3,1,0,3,0,0,1,1,5,1,0,81.288,28
240,0,0.64318,2,1,0,2,5,0.82274,1,1,5,0,0,82.111,29
241,0,0.63508,3,1,0,3,4,0.17315,1,2,5,0,0,82.284,30
242,0,0.56236,2,1,0,2,5,0.72059,1,3,5,0,0,83.005,31
243,0.6795,0,1,1,1,2,0,0,1,4,5,1,0,83.005,32
244,0,0.66447,3,1,0,3,4,0.53431,1,4,5,0,0,83.539,33
245,0.67308,0.6628,1,1,2,3,4,0.34151,1,5,5,0,0,83.881,34
246,0.74894,0.47265,1,1,1,2,4,0.003035,0,0,5,0,0,83.884,35
247,0,0.71715,3,1,0,3,5,0.9225,0,1,5,0,0,84.806,36
248,0,0.61914,3,1,0,3,5,0.83803,0,2,5,0,0,85.644,37
249,0,0,2,1,0,2,0,0,0,3,5,1,0,85.644,38
250,0.64664,0,1,1,2,3,0,0,0,3,5,1,0,85.644,39
251,0,0.73051,2,1,0,2,4,0.28078,0,3,5,0,0,85.925,40
252,0,0.64688,2,1,0,2,4,0.18498,0,4,5,0,0,86.11,41
253,0,0.6313,3,1,0,3,5,0.21497,0,5,4,0,0,86.325,0
254,0,0,2,1,0,2,0,0,0,6,4,1,0,86.325,1
255,0,0.64144,2,1,0,2,4,0.93541,0,6,4,0,0,87.26,2
256,0,0,1,1,0,0,0,0,1,0,4,1,0,87.26,3
257,0,0.7505,2,1,0,2,5,0.15868,1,0,4,0,0,87.419,4
258,0.75071,0.58346,1,1,1,2,5,0.33385,1,1,4,0,0,87.753,5
259,0,0.67095,2,1,0,2,5,0.5768,1,2,4,0,0,88.33,6
260,0,0,1,1,0,0,0,0,1,3,4,1,0,88.33,7
261,0.65233,0.46377,1,1,2,3,4,0.96908,1,3,4,0,0,89.299,8
262,0.65479,0.65416,1,1,2,3,4,0.92423,1,4,4,0,0,90.223,9
263,0,0,2,1,0,2,0,0,0,0,4,1,0,90.223,10
264,0.67256,0.60906,1,1,2,3,5,0.34371,0,0,4,0,0,90.567,11
265,0.59457,0,1,1,1,2,0,0,0,1,4,0,1,90.567,12
266,0.52735,0.58542,1,1,1,2,4,0.84955,0,1,4,0,0,91.416,13
267,0,0.75024,2,1,0,2,4,0.60115,0,2,4,0,0,92.017,14
268,0.62053,0.63452,1,1,1,2,5,0.080603,1,0,4,0,0,92.098,15
269,0,0,3,1,0,3,0,0,1,1,4,1,0,92.098,16
270,0.63934,0.48435,1,1,2,3,4,0.90798,1,1,4,0,0,93.006,17
271,0.59248,0,1,1,1,2,0,0,1,2,4,1,0,93.006,18
272,0.62569,0.62805,1,1,1,2,5,0.15074,1,2,4,0,0,93.157,19
273,0,0,2,1,0,2,0,0,1,3,4,1,0,93.157,20
274,0,0.59758,2,1,0,2,5,0.070339,1,3,4,0,0,93.227,21
275,0.62364,0.56256,1,1,2,3,4,0.87229,1,4,4,0,0,94.099,22
276,0,0.59065,2,1,0,2,5,0.14913,1,5,4,0,0,94.249,23
277,0.61386,0.43294,1,1,2,3,5,0.033103,0,0,4,0,0,94.282,24
278,0.6742,0.68308,1,1,1,2,4,0.94373,0,1,4,0,0,95.225,25
279,0,0.58565,3,1,0,3,5,0.34657,0,2,4,0,0,95.572,26
280,0,0.68003,2,1,0,2,4,0.64853,0,3,4,0,0,96.22,27
281,0.65494,0.42675,1,1,2,3,4,0.51987,1,0,4,0,0,96.74,28
282,0.71305,0,1,1,2,3,0,0,1,1,4,0,1,96.74,29
283,0,0.73561,3,1,0,3,4,0.84774,1,1,4,0,0,97.588,30
284,0.60615,0.6957,1,1,2,3,4,0.97437,1,2,4,0,0,98.562,31
285,0.66399,0.73021,1,1,1,2,5,0.17169,1,3,4,0,0,98.734,32
286,0,0.64891,2,1,0,2,5,0.040003,1,4,4,0,0,98.774,33
287,0.64525,0.45424,1,1,2,3,4,0.95795,1,5,4,0,0,99.732,34
288,0,0.5177,3,1,0,3,5,0.030773,0,0,4,0,0,99.763,35
289,0.61215,0.5481,1,1,1,2,4,0.95728,0,1,4,0,0,100.72,36
290,0.58188,0.48952,1,1,1,2,4,0.85992,0,2,4,0,0,101.58,37
291,0,0.63458,2,1,0,2,5,0.17773,1,0,4,0,0,101.76,38
292,0,0.59813,2,1,0,2,5,0.002736,1,1,4,0,0,101.76,39
293,0,0.59599,2,1,0,2,5,0.043149,1,2,4,0,0,101.8,40
294,0,0,1,1,0,0,0,0,1,3,4,1,0,101.8,41
295,0.54766,0.45434,1,1,2,3,4,0.064469,1,3,5,0,0,101.87,0
296,0.60464,0,1,1,1,2,0,0,1,4,5,1,0,101.87,1
297,0.69401,0.48716,1,1,1,2,5,0.96429,1,4,5,0,0,102.83,2
298,0,0.73587,2,1,0,2,4,0.11781,0,0,5,0,0,102.95,3
299,0,0.70825,3,1,0,3,5,0.97194,0,1,5,0,0,103.92,4
300,0.61704,0.70084,1,1,1,2,4,0.017786,0,2,5,0,0,103.94,5
301,0,0,2,1,0,2,0,0,0,3,5,1,0,103.94,6
302,0,0.66432,2,1,0,2,4,0.16803,0,3,5,0,0,104.11,7
303,0.65244,0.59828,1,1,1,2,4,0.14761,0,4,5,0,0,104.26,8
304,0,0.64305,3,1,0,3,4,0.15318,1,0,5,0,0,104.41,9
305,0.60655,0.51082,1,1,2,3,4,0.21616,1,1,5,0,0,104.62,10
306,0,0,1,1,0,0,0,0,1,2,5,1,0,104.62,11
307,0,0.65637,3,1,0,3,4,0.35443,1,2,5,0,0,104.98,12
308,0,0,2,1,0,2,0,0,1,3,5,1,0,104.98,13
309,0.703,0.42934,1,1,1,2,5,0.8645,1,3,5,0,0,105.84,14
310,0,0.71308,2,1,0,2,5,0.95098,1,4,5,0,0,106.79,15
311,0,0,1,1,0,0,0,0,0,0,5,1,0,106.79,16
312,0,0.70753,3,1,0,3,5,0.88785,0,0,5,0,0,107.68,17
313,0,0.53618,3,1,0,3,5,0.95779,0,1,5,0,0,108.64,18
314,0,0.54616,3,1,0,3,5,0.97343,0,2,5,0,0,109.61,19
315,0.56477,0.56433,1,1,2,3,5,0.96781,0,3,5,0,0,110.58,20
316,0,0.48025,3,1,0,3,5,0.90509,0,4,5,0,0,111.49,21
317,0,0.50197,3,1,0,3,5,0.97041,0,5,5,0,0,112.46,22
318,0.69131,0.46306,1,1,2,3,4,0.39248,1,0,5,0,0,112.85,23
319,0,0.54552,3,1,0,3,4,0.14931,1,1,5,0,0,113,24
320,0,0.59613,3,1,0,3,4,0.047254,1,2,5,0,0,113.05,25
321,0,0.707,2,1,0,2,5,0.93665,1,3,5,0,0,113.98,26
322,0.62609,0.42614,1,1,1,2,4,0.009479,0,0,5,0,0,113.99,27
323,0,0.57194,3,1,0,3,5,0.87586,0,1,5,0,0,114.87,28
324,0.64367,0.4105,1,1,2,3,5,0.73738,0,2,5,0,0,115.61,29
325,0.57749,0.4164,1,1,2,3,5,0.55487,0,3,5,0,0,116.16,30
326,0,0,2,1,0,2,0,0,0,4,5,1,0,116.16,31
327,0,0,3,1,0,3,0,0,0,4,5,1,0,116.16,32
328,0,0.58897,3,1,0,3,5,0.86273,0,4,5,0,0,117.02,33
329,0.6838,0.41311,1,1,1,2,5,0.63132,1,0,5,0,0,117.65,34
330,0.72682,0.41659,1,1,2,3,4,0.29168,1,1,5,0,0,117.95,35
331,0.7094,0.44747,1,1,1,2,5,0.6887,1,2,5,0,0,118.63,36
332,0,0.65813,2,1,0,2,5,0.68575,1,3,5,0,0,119.32,37
333,0.63826,0.42666,1,1,1,2,5,0.61021,1,4,5,0,0,119.93,38
334,0,0,3,1,0,3,0,0,0,0,5,1,0,119.93,39
335,0,0,1,1,0,0,0,0,0,0,5,1,0,119.93,40
336,0,0,3,1,0,3,0,0,0,0,5,1,0,119.93,41
337,0,0,2,1,0,2,0,0,0,0,4,0,1,119.93,0
338,0,0,1,1,0,0,0,0,0,0,4,1,0,119.93,1
339,0.64651,0,1,1,2,3,0,0,0,0,4,0,1,119.93,2
340,0,0,3,1,0,3,0,0,0,0,4,0,1,119.93,3
341,0.64911,0.45906,1,1,2,3,5,0.070985,0,0,4,0,0,120,4
342,0.7073,0.42526,1,1,1,2,4,0.92055,0,1,4,0,0,120.92,5
343,0,0,1,1,0,0,0,0,0,2,4,1,0,120.92,6
344,0,0.65009,3,1,0,3,5,0.46995,0,2,4,0,0,121.39,7
345,0.60233,0,1,1,1,2,0,0,0,3,4,1,0,121.39,8
346,0,0.61176,2,1,0,2,4,0.86714,0,3,4,0,0,122.26,9
347,0,0,2,1,0,2,0,0,0,4,4,1,0,122.26,10
348,0.67949,0,1,1,1,2,0,0,0,4,4,1,0,122.26,11
349,0.61577,0.48254,1,1,1,2,4,0.83168,0,4,4,0,0,123.09,12
350,0,0.59032,3,1,0,3,4,0.78955,1,0,4,0,0,123.88,13
351,0.71142,0.43388,1,1,1,2,5,0.38721,1,1,4,0,0,124.27,14
352,0,0.66949,3,1,0,3,4,0.91503,1,2,4,0,0,125.18,15
353,0.69314,0.41683,1,1,2,3,4,0.75859,1,3,4,0,0,125.94,16
354,0,0.7363,2,1,0,2,4,0.64122,0,0,4,0,0,126.58,17
355,0,0.71521,2,1,0,2,4,0.49645,0,1,4,0,0,127.08,18
356,0.63267,0.34585,1,1,1,2,4,0.63812,0,2,4,0,0,127.72,19
357,0,0,1,1,0,0,0,0,1,0,4,1,0,127.72,20
358,0.57169,0.45575,1,1,1,2,5,0.476,1,0,4,0,0,128.19,21
359,0.57205,0.4688,1,1,2,3,4,0.32554,1,1,4,0,0,128.52,22
360,0.70554,0.36629,1,1,2,3,4,0.5166,1,2,4,0,0,129.04,23
361,0,0.7255,3,1,0,3,4,0.90518,1,3,4,0,0,129.94,24
362,0,0,2,1,0,2,0,0,1,4,4,1,0,129.94,25
363,0,0.66533,2,1,0,2,5,0.20851,1,4,4,0,0,130.15,26
364,0,0,2,1,0,2,0,0,0,0,4,1,0,130.15,27
365,0,0,1,1,0,0,0,0,0,0,4,1,0,130.15,28
366,0,0,1,1,0,0,0,0,0,0,4,1,0,130.15,29
367,0.65722,0.39149,1,1,2,3,5,0.34405,0,0,4,0,0,130.49,30
368,0,0.60538,3,1,0,3,5,0.30141,0,1,4,0,0,130.79,31
369,0.58725,0.40143,1,1,2,3,5,0.21182,0,2,4,0,0,131.01,32
370,0,0,2,1,0,2,0,0,0,3,4,0,1,131.01,33
371,0.62531,0.38289,1,1,1,2,4,0.86782,0,3,4,0,0,131.87,34
372,0,0.62293,2,1,0,2,4,0.94817,0,4,4,0,0,132.82,35
373,0.62209,0.43075,1,1,1,2,5,0.019059,1,0,4,0,0,132.84,36
374,0,0.66337,3,1,0,3,4,0.96531,1,1,4,0,0,133.81,37
375,0,0,2,1,0,2,0,0,1,2,4,1,0,133.81,38
376,0.6787,0.3586,1,1,2,3,4,0.67996,1,2,4,0,0,134.49,39
377,0.63084,0.42266,1,1,2,3,4,0.74011,1,3,4,0,0,135.23,40
378,0.6492,0.46825,1,1,2,3,5,0.06269,0,0,4,0,0,135.29,41
379,0,0,3,1,0,3,0,0,0,1,5,1,0,135.29,0
380,0.69443,0.57104,1,1,2,3,5,0.81508,0,1,5,0,0,136.1,1
381,0,0.70107,2,1,0,2,4,0.20903,0,2,5,0,0,136.31,2
382,0.65468,0.3849,1,1,2,3,5,0.84143,0,3,5,0,0,137.16,3
383,0,0.61996,3,1,0,3,5,0.9701,0,4,5,0,0,138.13,4
384,0,0.65619,2,1,0,2,4,0.017466,0,5,5,0,0,138.14,5
385,0,0.63933,3,1,0,3,4,0.074351,1,0,5,0,0,138.22,6
386,0,0,1,1,0,0,0,0,1,1,5,1,0,138.22,7
387,0.52048,0.39703,1,1,1,2,5,0.9081,1,1,5,0,0,139.13,8
388,0,0.57248,3,1,0,3,4,0.067907,1,2,5,0,0,139.19,9
389,0,0.64817,3,1,0,3,4,0.14724,1,3,5,0,0,139.34,10
390,0,0,1,1,0,0,0,0,1,4,5,1,0,139.34,11
391,0,0,2,1,0,2,0,0,1,4,5,0,1,139.34,12
392,0,0.64371,3,1,0,3,4,0.42333,1,4,5,0,0,139.76,13
393,0,0.71234,3,1,0,3,5,0.40001,0,0,5,0,0,140.16,14
394,0.70285,0.45295,1,1,1,2,4,0.36689,0,1,5,0,0,140.53,15
395,0.60372,0.44654,1,1,2,3,5,0.65215,0,2,5,0,0,141.18,16
396,0.60777,0.44454,1,1,2,3,5,0.74288,0,3,5,0,0,141.93,17
397,0,0.71158,2,1,0,2,4,0.4065,0,4,5,0,0,142.33,18
398,0.5813,0.40788,1,1,2,3,4,0.43747,1,0,5,0,0,142.77,19
399,0.55803,0.58735,1,1,1,2,5,0.6317,1,1,5,0,0,143.4,20
400,0,0.67112,2,1,0,2,5,0.63654,1,2,5,0,0,144.04,21
401,0.73879,0.43992,1,1,2,3,5,0.61324,0,0,5,0,0,144.65,22
402,0.63971,0.37408,1,1,2,3,5,0.67887,0,1,5,0,0,145.33,23
403,0,0.72438,3,1,0,3,5,0.64034,0,2,5,0,0,145.97,24
404,0.63948,0.41778,1,1,2,3,5,0.59265,0,3,5,0,0,146.56,25
405,0,0.63887,3,1,0,3,4,0.33224,1,0,5,0,0,146.9,26
406,0,0,3,1,0,3,0,0,1,1,5,1,0,146.9,27
407,0,0.56493,3,1,0,3,4,0.44632,1,1,5,0,0,147.34,28
408,0.62591,0.45116,1,1,1,2,5,0.89058,1,2,5,0,0,148.23,29
409,0,0,1,1,0,0,0,0,1,3,5,1,0,148.23,30
410,0,0,2,1,0,2,0,0,1,3,5,1,0,148.23,31
411,0,0.67698,2,1,0,2,5,0.5664,1,3,5,0,0,148.8,32
412,0.67895,0.46486,1,1,2,3,4,0.37342,1,4,5,0,0,149.17,33
413,0,0.63676,3,1,0,3,4,0.033568,1,5,5,0,0,149.21,34
414,0.58867,0.43878,1,1,1,2,5,0.68513,1,6,5,0,0,149.89,35
415,0,0,1,1,0,0,0,0,1,7,5,1,0,149.89,36
416,0.65602,0.43161,1,1,1,2,5,0.91313,1,7,5,0,0,150.8,37
417,0.74807,0.37013,1,1,1,2,5,0.9052,1,8,5,0,0,151.71,38
418,0,0.65481,2,1,0,2,5,0.88421,1,9,5,0,0,152.59,39
419,0,0,1,1,0,0,0,0,1,10,5,1,0,152.59,40
420,0,0.68541,2,1,0,2,5,0.95097,1,10,5,0,0,153.54,41
421,0,0,3,1,0,3,0,0,0,0,4,1,0,153.54,0
422,0,0,1,1,0,0,0,0,0,0,4,1,0,153.54,1
423,0,0.64382,3,1,0,3,5,0.041144,0,0,4,0,0,153.59,2
424,0,0.61429,2,1,0,2,4,0.9927,0,1,4,0,0,154.58,3
425,0.64595,0.36244,1,1,1,2,4,0.98464,0,2,4,0,0,155.56,4
426,0,0.68941,2,1,0,2,4,0.87066,0,3,4,0,0,156.43,5
427,0,0.53994,2,1,0,2,4,0.96589,0,4,4,0,0,157.4,6
428,0,0.56192,2,1,0,2,4,0.98935,0,5,4,0,0,158.39,7
429,0,0.69463,3,1,0,3,5,0.061761,0,6,4,0,0,158.45,8
430,0,0.72412,3,1,0,3,5,0.13021,0,7,4,0,0,158.58,9
431,0,0,1,1,0,0,0,0,0,8,4,1,0,158.58,10
432,0,0,2,1,0,2,0,0,0,8,4,1,0,158.58,11
433,0,0,1,1,0,0,0,0,0,8,4,1,0,158.58,12
434,0.57299,0.52525,1,1,1,2,4,0.88547,0,8,4,0,0,159.47,13
435,0.5854,0.34849,1,1,1,2,4,0.98666,0,9,4,0,0,160.45,14
436,0,0,3,1,0,3,0,0,0,10,4,1,0,160.45,15
437,0,0,1,1,0,0,0,0,0,10,4,1,0,160.45,16
438,0,0,2,1,0,2,0,0,0,10,4,1,0,160.45,17
439,0,0,1,1,0,0,0,0,0,10,4,1,0,160.45,18
440,0,0.70521,3,1,0,3,5,0.76449,0,10,4,0,0,161.22,19
441,0.64733,0.37821,1,1,2,3,5,0.66192,0,11,4,0,0,161.88,20
442,0.64796,0.49305,1,1,1,2,4,0.36416,0,12,4,0,0,162.24,21
443,0.66295,0.38439,1,1,2,3,5,0.62987,0,13,4,0,0,162.87,22
444,0.7103,0.34772,1,1,2,3,4,0.52826,1,0,4,0,0,163.4,23
445,0,0,2,1,0,2,0,0,1,1,4,1,0,163.4,24
446,0.71441,0.38606,1,1,1,2,5,0.42964,1,1,4,0,0,163.83,25
447,0.65441,0,1,1,2,3,0,0,1,2,4,0,1,163.83,26
448,0.67539,0.34242,1,1,2,3,4,0.87746,1,2,4,0,0,164.71,27
449,0,0,2,1,0,2,0,0,1,3,4,1,0,164.71,28
450,0,0,1,1,0,0,0,0,1,3,4,1,0,164.71,29
451,0,0,2,1,0,2,0,0,1,3,4,1,0,164.71,30
452,0,0.57866,3,1,0,3,4,0.92163,1,3,4,0,0,165.63,31
453,0,0,2,1,0,2,0,0,1,4,4,1,0,165.63,32
454,0,0.57483,3,1,0,3,4,0.65679,1,4,4,0,0,166.29,33
455,0,0,1,1,0,0,0,0,1,5,4,1,0,166.29,34
456,0.54618,0.37078,1,1,2,3,4,0.98536,1,5,4,0,0,167.27,35
457,0,0.60259,3,1,0,3,4,0.85574,1,6,4,0,0,168.13,36
458,0.65954,0.39156,1,1,2,3,4,0.9837,1,7,4,0,0,169.11,37
459,0.68113,0.50719,1,1,2,3,4,0.97074,1,8,4,0,0,170.08,38
460,0.57852,0.054655,1,1,2,3,4,0.79573,1,9,4,0,0,170.88,39
461,0,0.60945,3,1,0,3,4,0.64285,1,10,4,0,0,171.52,40
462,0.61598,0.45885,1,1,2,3,5,0.001913,0,0,4,0,0,171.52,41
463,0.74418,0.33883,1,1,1,2,4,0.003539,0,1,5,0,0,171.53,0
464,0,0,1,1,0,0,0,0,0,2,5,1,0,171.53,1
465,0.52145,0.66873,1,1,2,3,5,0.94182,0,2,5,0,0,172.47,2
466,0,0,2,1,0,2,0,0,0,3,5,1,0,172.47,3
467,0.69332,0.33361,1,1,2,3,5,0.9318,0,3,5,0,0,173.4,4
468,0.57554,0.39466,1,1,2,3,5,0.75392,0,4,5,0,0,174.15,5
469,0,0,2,1,0,2,0,0,0,5,5,1,0,174.15,6
470,0,0,1,1,0,0,0,0,0,5,5,1,0,174.15,7
471,0,0.63935,3,1,0,3,5,0.89137,0,5,5,0,0,175.05,8
472,0,0.53266,3,1,0,3,5,0.76268,0,6,5,0,0,175.81,9
473,0.67274,0.20211,1,1,2,3,5,0.73391,0,7,5,0,0,176.54,10
474,0,0.63542,2,1,0,2,4,0.10853,0,8,5,0,0,176.65,11
475,0,0,1,1,0,0,0,0,0,9,5,1,0,176.65,12
476,0,0,2,1,0,2,0,0,0,9,5,1,0,176.65,13
477,0.52619,0.27886,1,1,2,3,5,0.98901,0,9,5,0,0,177.64,14
478,0,0.62081,3,1,0,3,5,0.9512,0,10,5,0,0,178.59,15
479,0,0.49677,3,1,0,3,5,0.75342,0,11,5,0,0,179.34,16
480,0.69315,0.3368,1,1,2,3,5,0.90681,0,12,5,0,0,180.25,17
481,0,0,2,1,0,2,0,0,1,0,5,1,0,180.25,18
482,0,0.651,3,1,0,3,4,0.13812,1,0,5,0,0,180.39,19
483,0,0.62171,2,1,0,2,5,0.96486,1,1,5,0,0,181.35,20
484,0.69956,0.14116,1,1,1,2,5,0.99416,1,2,5,0,0,182.35,21
485,0,0.65134,3,1,0,3,4,0.015249,1,3,5,0,0,182.36,22
486,0,0.66865,2,1,0,2,5,0.93221,1,4,5,0,0,183.3,23
487,0,0.60048,2,1,0,2,5,0.9854,1,5,5,0,0,184.28,24
488,0.53699,0,1,1,1,2,0,0,1,6,5,1,0,184.28,25
489,0.51907,0.003231,1,1,1,2,5,0.84899,1,6,5,0,0,185.13,26
490,0,0.65392,3,1,0,3,4,0.28361,1,7,5,0,0,185.41,27
491,0,0,3,1,0,3,0,0,1,8,5,1,0,185.41,28
492,0,0.66325,3,1,0,3,4,0.30382,1,8,5,0,0,185.72,29
493,0,0.49956,3,1,0,3,4,0.29526,1,9,5,0,0,186.01,30
494,0,0.53097,3,1,0,3,4,0.20559,1,10,5,0,0,186.22,31
495,0,0,1,1,0,0,0,0,1,11,5,1,0,186.22,32
496,0.53448,0.31763,1,1,1,2,5,0.85045,1,11,5,0,0,187.07,33
497,0.56408,0.43184,1,1,1,2,5,0.80781,1,12,5,0,0,187.88,34
498,0,0,2,1,0,2,0,0,0,0,5,1,0,187.88,35
499,0,0.6087,3,1,0,3,5,0.71223,0,0,5,0,0,188.59,36
500,0.66243,0.44509,1,1,2,3,5,0.56529,0,1,5,0,0,189.15,37
501,0,0.71704,3,1,0,3,5,0.64636,0,2,5,0,0,189.8,38
502,0.56486,0.44606,1,1,1,2,4,0.46842,0,3,5,0,0,190.27,39
503,0,0,2,1,0,2,0,0,0,4,5,1,0,190.27,40
504,0,0.5739,3,1,0,3,5,0.56847,0,4,5,0,0,190.84,41
505,0.59821,0.59521,1,1,2,3,5,0.51853,0,5,4,0,0,191.36,0
506,0,0,2,1,0,2,0,0,0,6,4,1,0,191.36,1
507,0.64456,0.58056,1,1,1,2,4,0.48151,0,6,4,0,0,191.84,2
508,0,0.6113,3,1,0,3,5,0.46692,0,7,4,0,0,192.3,3
509,0.58946,0.41107,1,1,2,3,5,0.32612,0,8,4,0,0,192.63,4
510,0.74531,0.40423,1,1,1,2,4,0.73073,0,9,4,0,0,193.36,5
511,0,0.73193,3,1,0,3,5,0.10408,0,10,4,0,0,193.47,6
512,0.67733,0.4615,1,1,1,2,4,0.86216,0,11,4,0,0,194.33,7
513,0.73159,0.38627,1,1,1,2,5,0.37173,1,0,4,0,0,194.7,8
514,0.68129,0.42021,1,1,2,3,4,0.77098,1,1,4,0,0,195.47,9
515,0.62557,0.44414,1,1,2,3,4,0.67595,1,2,4,0,0,196.15,10
516,0.5848,0.4242,1,1,2,3,4,0.44547,1,3,4,0,0,196.59,11
517,0,0.68136,3,1,0,3,4,0.5488,1,4,4,0,0,197.14,12
518,0.70441,0.42442,1,1,1,2,5,0.22043,1,5,4,0,0,197.36,13
519,0,0.645,2,1,0,2,5,0.40738,1,6,4,0,0,197.77,14
520,0,0.64791,3,1,0,3,4,0.82525,1,7,4,0,0,198.59,15
521,0,0.64936,3,1,0,3,4,0.99187,1,8,4,0,0,199.59,16
522,0.64074,0.41188,1,1,2,3,4,0.97188,1,9,4,0,0,200.56,17
523,0,0.61447,3,1,0,3,4,0.9626,1,10,4,0,0,201.52,18
524,0,0,2,1,0,2,0,0,1,11,4,1,0,201.52,19
525,0,0.55602,3,1,0,3,4,0.85408,1,11,4,0,0,202.37,20
526,0,0,1,1,0,0,0,0,1,12,4,1,0,202.37,21
527,0,0,2,1,0,2,0,0,1,12,4,1,0,202.37,22
528,0.62882,0.44885,1,1,2,3,4,0.8934,1,12,4,0,0,203.27,23
529,0,0.72275,2,1,0,2,4,0.98765,0,0,4,0,0,204.25,24
530,0,0.67228,2,1,0,2,4,0.96098,0,1,4,0,0,205.22,25
531,0.73048,0.39426,1,1,1,2,4,0.99021,0,2,4,0,0,206.21,26
532,0.48151,0.5802,1,1,1,2,4,0.97257,0,3,4,0,0,207.18,27
533,0,0,2,1,0,2,0,0,0,4,4,1,0,207.18,28
534,0,0.67728,3,1,0,3,5,0.099972,0,4,4,0,0,207.28,29
535,0.51359,0.42938,1,1,1,2,4,0.92615,0,5,4,0,0,208.2,30
536,0,0.66653,3,1,0,3,5,0.10902,0,6,4,0,0,208.31,31
537,0.74054,0.42034,1,1,1,2,4,0.71769,0,7,4,0,0,209.03,32
538,0,0.71266,3,1,0,3,5,0.12856,0,8,4,0,0,209.16,33
539,0.68446,0.45163,1,1,1,2,4,0.93625,0,9,4,0,0,210.1,34
540,0.63236,0.44636,1,1,1,2,4,0.67944,0,10,4,0,0,210.78,35
541,0,0.74052,2,1,0,2,4,0.56373,0,11,4,0,0,211.34,36
542,0,0.66833,2,1,0,2,4,0.64976,0,12,4,0,0,211.99,37
543,0,0.62074,2,1,0,2,5,0.035158,1,0,4,0,0,212.02,38
544,0,0,1,1,0,0,0,0,1,1,4,1,0,212.02,39
545,0,0.73844,3,1,0,3,4,0.65379,1,1,4,0,0,212.68,40
546,0.64285,0.35737,1,1,2,3,4,0.82257,1,2,4,0,0,213.5,41
547,0,0.63539,3,1,0,3,4,0.21767,1,3,5,0,0,213.72,0
548,0.51628,0.44996,1,1,1,2,5,0.85799,1,4,5,0,0,214.58,1
549,0.64488,0.4659,1,1,1,2,5,0.72498,1,5,5,0,0,215.3,2
550,0,0.74623,3,1,0,3,4,0.13169,1,6,5,0,0,215.43,3
551,0.64492,0.39321,1,1,1,2,5,0.9558,1,7,5,0,0,216.39,4
552,0,0,3,1,0,3,0,0,1,8,5,1,0,216.39,5
553,0,0,1,1,0,0,0,0,1,8,5,1,0,216.39,6
554,0,0,2,1,0,2,0,0,1,8,5,1,0,216.39,7
555,0,0.7444,3,1,0,3,4,0.020207,1,8,5,0,0,216.41,8
556,0,0.75352,3,1,0,3,4,0.047988,1,9,5,0,0,216.46,9
557,0.57702,0.32821,1,1,1,2,5,0.91016,1,10,5,0,0,217.37,10
558,0,0.66355,2,1,0,2,5,0.96161,1,11,5,0,0,218.33,11
559,0.63101,0.39352,1,1,1,2,5,0.91605,1,12,5,0,0,219.24,12
560,0,0.54315,2,1,0,2,4,0.24854,0,0,5,0,0,219.49,13
561,0.65428,0.39189,1,1,1,2,4,0.17259,0,1,5,0,0,219.67,14
562,0,0.70245,3,1,0,3,5,0.93318,0,2,5,0,0,220.6,15
563,0,0,1,1,0,0,0,0,0,3,5,1,0,220.6,16
564,0.55034,0.42736,1,1,2,3,5,0.90705,0,3,5,0,0,221.51,17
565,0.57506,0.40409,1,1,2,3,5,0.62213,0,4,5,0,0,222.13,18
566,0,0.6206,3,1,0,3,5,0.80105,0,5,5,0,0,222.93,19
567,0,0.74305,2,1,0,2,4,0.21871,0,6,5,0,0,223.15,20
568,0,0,1,1,0,0,0,0,0,7,5,1,0,223.15,21
569,0,0.69913,2,1,0,2,4,0.053056,0,7,5,0,0,223.2,22
570,0,0.66397,3,1,0,3,5,0.90951,0,8,5,0,0,224.11,23
571,0,0,1,1,0,0,0,0,0,9,5,1,0,224.11,24
572,0,0.62949,3,1,0,3,5,0.73345,0,9,5,0,0,224.84,25
573,0.52088,0.35698,1,1,2,3,5,0.98874,0,10,5,0,0,225.83,26
574,0.58112,0.52296,1,1,2,3,5,0.70348,0,11,5,0,0,226.54,27
575,0,0.59307,3,1,0,3,5,0.61435,0,12,5,0,0,227.15,28
576,0.56379,0.40806,1,1,2,3,4,0.16259,1,0,5,0,0,227.31,29
577,0.68366,0.36805,1,1,1,2,5,0.87902,1,1,5,0,0,228.19,30
578,0.62149,0.68359,1,1,1,2,5,0.97822,1,2,5,0,0,229.17,31
579,0.52085,0.54,1,1,1,2,5,0.88417,1,3,5,0,0,230.05,32
580,0.6381,0.69922,1,1,2,3,4,0.041077,1,4,5,0,0,230.1,33
581,0.66839,0.33716,1,1,1,2,5,0.71814,1,5,5,0,0,230.81,34
582,0.58058,0.39501,1,1,1,2,5,0.98122,1,6,5,0,0,231.79,35
583,0.7049,0.43283,1,1,1,2,5,0.87986,1,7,5,0,0,232.67,36
584,0.57118,0.53036,1,1,1,2,5,0.82265,1,8,5,0,0,233.5,37
585,0,0.6393,2,1,0,2,5,0.88726,1,9,5,0,0,234.38,38
586,0.68149,0.38071,1,1,1,2,5,0.94876,1,10,5,0,0,235.33,39
587,0,0.71972,3,1,0,3,4,0.027057,1,11,5,0,0,235.36,40
588,0,0.54958,2,1,0,2,5,0.84041,1,12,5,0,0,236.2,41
589,0,0,3,1,0,3,0,0,0,0,4,1,0,236.2,0
590,0,0.57807,3,1,0,3,5,0.17214,0,0,4,0,0,236.37,1
591,0,0.6979,2,1,0,2,4,0.86762,0,1,4,0,0,237.24,2
592,0,0.67294,3,1,0,3,5,0.05194,0,2,4,0,0,237.29,3
593,0.70031,0.41058,1,1,1,2,4,0.89722,0,3,4,0,0,238.19,4
594,0,0.67442,3,1,0,3,5,0.079315,0,4,4,0,0,238.27,5
595,0,0.58991,3,1,0,3,5,0.13846,0,5,4,0,0,238.41,6
596,0.7234,0.38601,1,1,1,2,4,0.68446,0,6,4,0,0,239.09,7
597,0.61091,0.37578,1,1,1,2,4,0.45309,0,7,4,0,0,239.55,8
598,0.60156,0.49875,1,1,1,2,4,0.59501,0,8,4,0,0,240.14,9
599,0.55436,0.43871,1,1,1,2,4,0.88445,0,9,4,0,0,241.02,10
600,0.67898,0.36587,1,1,1,2,4,0.72569,0,10,4,0,0,241.75,11
