1,0.38382,0.67383,1,1,1,2,4,0.5,0,0,4,0,0,0.5,0
2,0,0,2,1,0,2,0,0,0,1,4,1,0,0.5,1
3,0.6971,0.31061,1,1,1,2,4,0.74931,0,1,4,0,0,1.2493,2
4,0.48563,0.3138,1,1,1,2,4,0.90971,0,2,4,0,0,2.159,3
5,0,0.60053,2,1,0,2,5,0.31099,1,0,4,0,0,2.47,4
6,0.48855,0.32622,1,1,1,2,5,0.38036,1,1,4,0,0,2.8504,5
7,0,0.66199,3,1,0,3,4,0.81337,1,2,4,0,0,3.6637,6
8,0.42972,0.36893,1,1,2,3,4,0.84084,1,3,4,0,0,4.5046,7
9,0,0.64497,2,1,0,2,5,0.092296,1,4,4,0,0,4.5969,8
10,0.53562,0.36702,1,1,2,3,4,0.83472,1,5,4,0,0,5.4316,9
11,0.55746,0,1,1,2,3,0,0,0,0,4,0,1,5.4316,10
12,0,0.71936,3,1,0,3,5,0.29668,0,0,4,0,0,5.7283,11
13,0.69533,0.32037,1,1,2,3,5,0.093847,0,1,4,0,0,5.8221,12
14,0,0,1,1,0,0,0,0,0,2,4,1,0,5.8221,13
15,0,0.70972,2,1,0,2,4,0.86889,0,2,4,0,0,6.691,14
16,0,0,3,1,0,3,0,0,0,3,4,1,0,6.691,15
17,0,0.52851,3,1,0,3,5,0.15718,0,3,4,0,0,6.8482,16
18,0.70857,0.53977,1,1,1,2,5,0.059408,1,0,4,0,0,6.9076,17
19,0,0.59214,2,1,0,2,5,0.086816,1,1,4,0,0,6.9944,18
20,0,0.58624,3,1,0,3,4,0.89869,1,2,4,0,0,7.8931,19
21,0,0.65498,3,1,0,3,4,0.84728,1,3,4,0,0,8.7404,20
22,0,0,1,1,0,0,0,0,1,4,4,1,0,8.7404,21
23,0.43643,0.37864,1,1,2,3,4,0.89285,1,4,4,0,0,9.6332,22
24,0.35469,0.3276,1,1,2,3,5,0.1238,0,0,4,0,0,9.757,23
25,0,0.63943,2,1,0,2,4,0.80314,0,1,4,0,0,10.56,24
26,0.47643,0.63317,1,1,1,2,4,0.94905,0,2,4,0,0,11.509,25
27,0,0.5298,3,1,0,3,5,0.40271,0,3,4,0,0,11.912,26
28,0,0.55775,3,1,0,3,5,0.34403,0,4,4,0,0,12.256,27
29,0,0.58389,2,1,0,2,4,0.71168,0,5,4,0,0,12.968,28
30,0,0.52324,2,1,0,2,5,0.25039,1,0,4,0,0,13.218,29
31,0.71972,0.55068,1,1,2,3,4,0.65432,1,1,4,0,0,13.872,30
32,0,0.52646,2,1,0,2,5,0.037089,1,2,4,0,0,13.909,31
33,0,0.46036,2,1,0,2,5,0.30908,1,3,4,0,0,14.218,32
34,0.6081,0.55924,1,1,2,3,5,0.31896,0,0,4,0,0,14.537,33
35,0,0.5198,3,1,0,3,5,0.055561,0,1,4,0,0,14.593,34
36,0.40231,0.54117,1,1,1,2,4,0.83696,0,2,4,0,0,15.43,35
37,0,0.57405,3,1,0,3,5,0.32636,0,3,4,0,0,15.756,36
38,0,0.59758,3,1,0,3,4,0.9803,1,0,4,0,0,16.737,37
39,0,0.73276,3,1,0,3,4,0.73436,1,1,4,0,0,17.471,38
40,0,0.55174,3,1,0,3,4,0.51088,1,2,4,0,0,17.982,39
41,0.63336,0.49001,1,1,1,2,4,0.70559,0,0,5,0,0,18.687,0
42,0.43568,0.4284,1,1,1,2,4,0.38587,0,1,5,0,0,19.073,1
43,0,0.65487,2,1,0,2,4,0.15483,0,2,5,0,0,19.228,2
44,0,0.58942,3,1,0,3,5,0.85467,0,3,5,0,0,20.083,3
45,0,0.63668,2,1,0,2,5,0.68731,1,0,5,0,0,20.77,4
46,0,0.53961,2,1,0,2,5,0.63348,1,1,5,0,0,21.404,5
47,0,0.55006,3,1,0,3,4,0.49356,1,2,5,0,0,21.897,6
48,0,0.63938,3,1,0,3,4,0.15259,1,3,5,0,0,22.05,7
49,0.66692,0.55462,1,1,2,3,4,0.12281,1,4,5,0,0,22.173,8
50,0,0.61681,3,1,0,3,5,0.79281,0,0,5,0,0,22.965,9
51,0.66944,0.46774,1,1,1,2,4,0.17261,0,1,5,0,0,23.138,10
52,0,0.59896,2,1,0,2,4,0.1899,0,2,5,0,0,23.328,11
53,0,0.53532,3,1,0,3,4,0.031304,1,0,5,0,0,23.359,12
54,0,0.55613,3,1,0,3,4,0.071074,1,1,5,0,0,23.43,13
55,0,0.47063,3,1,0,3,4,0.0853,1,2,5,0,0,23.516,14
56,0,0.51619,2,1,0,2,4,0.14968,0,0,5,0,0,23.665,15
57,0.57953,0.63453,1,1,2,3,5,0.7855,0,1,5,0,0,24.451,16
58,0,0.64817,2,1,0,2,4,0.41626,0,2,5,0,0,24.867,17
59,0.53497,0.5946,1,1,2,3,5,0.70412,0,3,5,0,0,25.571,18
60,0,0.56834,2,1,0,2,4,0.095495,0,4,5,0,0,25.667,19
61,0,0.61664,2,1,0,2,5,0.93243,1,0,5,0,0,26.599,20
62,0.56114,0.49438,1,1,2,3,4,0.029054,1,1,5,0,0,26.628,21
63,0,0.51175,2,1,0,2,5,0.93957,1,2,5,0,0,27.568,22
64,0,0.53062,2,1,0,2,4,0.079198,0,0,5,0,0,27.647,23
65,0.6966,0.58955,1,1,1,2,4,0.08992,0,1,5,0,0,27.737,24
66,0,0.562,3,1,0,3,5,0.77926,0,2,5,0,0,28.516,25
67,0,0.50465,2,1,0,2,4,0.02963,0,3,5,0,0,28.546,26
68,0,0.4651,2,1,0,2,5,0.72213,1,0,5,0,0,29.268,27
69,0,0.45462,2,1,0,2,5,0.87781,1,1,5,0,0,30.146,28
70,0,0.51475,3,1,0,3,4,0.039836,1,2,5,0,0,30.185,29
71,0,0.4739,2,1,0,2,5,0.94699,1,3,5,0,0,31.132,30
72,0.63357,0.44022,1,1,2,3,4,0.30256,1,4,5,0,0,31.435,31
73,0.48096,0.39149,1,1,2,3,5,0.6978,0,0,5,0,0,32.133,32
74,0,0.6755,3,1,0,3,5,0.80794,0,1,5,0,0,32.941,33
75,0,0.59171,3,1,0,3,5,0.88339,0,2,5,0,0,33.824,34
76,0,0,1,1,0,0,0,0,0,3,5,1,0,33.824,35
77,0.59026,0.33494,1,1,2,3,5,0.69065,0,3,5,0,0,34.515,36
78,0.45481,0.31714,1,1,2,3,5,0.74229,0,4,5,0,0,35.257,37
79,0.49343,0.34475,1,1,2,3,5,0.69843,0,5,5,0,0,35.956,38
80,0,0,3,1,0,3,0,0,1,0,5,1,0,35.956,39
81,0.52029,0.34673,1,1,2,3,4,0.77037,1,0,4,0,0,36.726,0
82,0.46971,0.31057,1,1,2,3,4,0.71216,1,1,4,0,0,37.438,1
83,0.48301,0.45307,1,1,2,3,4,0.69803,1,2,4,0,0,38.136,2
84,0.45185,0.30627,1,1,2,3,4,0.86826,1,3,4,0,0,39.004,3
85,0,0.64487,3,1,0,3,4,0.64735,1,4,4,0,0,39.652,4
86,0,0.53779,3,1,0,3,5,0.37832,0,0,4,0,0,40.03,5
87,0,0.52174,3,1,0,3,5,0.098777,0,1,4,0,0,40.129,6
88,0,0,2,1,0,2,0,0,0,2,4,1,0,40.129,7
89,0,0,1,1,0,0,0,0,0,2,4,1,0,40.129,8
90,0,0.52859,2,1,0,2,4,0.96631,0,2,4,0,0,41.095,9
91,0,0.64526,3,1,0,3,5,0.25428,0,3,4,0,0,41.349,10
92,0.68317,0.30739,1,1,1,2,4,0.90636,0,4,4,0,0,42.256,11
93,0,0.57583,3,1,0,3,4,0.96908,1,0,4,0,0,43.225,12
94,0,0.5555,2,1,0,2,5,0.14605,1,1,4,0,0,43.371,13
95,0.65056,0,1,1,2,3,0,0,1,2,4,0,1,43.371,14
96,0.64551,0,1,1,1,2,0,0,1,2,4,0,1,43.371,15
97,0.44901,0.274,1,1,1,2,5,0.088307,1,2,4,0,0,43.459,16
98,0,0.59227,2,1,0,2,4,0.71556,0,0,4,0,0,44.175,17
99,0,0.55381,3,1,0,3,5,0.31999,0,1,4,0,0,44.495,18
100,0,0.55896,2,1,0,2,4,0.71211,0,2,4,0,0,45.207,19
101,0,0.49586,2,1,0,2,5,0.29908,1,0,4,0,0,45.506,20
102,0,0.58484,3,1,0,3,4,0.6284,1,1,4,0,0,46.134,21
103,0,0.57806,2,1,0,2,5,0.030216,1,2,4,0,0,46.165,22
104,0,0.43653,2,1,0,2,5,0.15283,1,3,4,0,0,46.317,23
105,0,0.52752,3,1,0,3,4,0.96852,1,4,4,0,0,47.286,24
106,0.61791,0.49077,1,1,1,2,4,0.93077,0,0,4,0,0,48.217,25
107,0.42295,0.29577,1,1,1,2,4,0.91808,0,1,4,0,0,49.135,26
108,0,0.59331,2,1,0,2,4,0.95136,0,2,4,0,0,50.086,27
109,0,0.55806,2,1,0,2,4,0.96334,0,3,4,0,0,51.049,28
110,0,0,1,1,0,0,0,0,0,4,4,1,0,51.049,29
111,0.53566,0.28386,1,1,1,2,4,0.73394,0,4,4,0,0,51.783,30
112,0.61939,0.27342,1,1,1,2,5,0.14223,1,0,4,0,0,51.926,31
113,0,0,3,1,0,3,0,0,1,1,4,1,0,51.926,32
114,0,0.53865,2,1,0,2,5,0.10043,1,1,4,0,0,52.026,33
115,0,0.53113,2,1,0,2,5,0.087935,1,2,4,0,0,52.114,34
116,0.65595,0.24734,1,1,2,3,4,0.93241,1,3,4,0,0,53.046,35
117,0,0.60498,2,1,0,2,5,0.085843,1,4,4,0,0,53.132,36
118,0.59376,0.23593,1,1,2,3,5,0.018824,0,0,4,0,0,53.151,37
119,0,0.58312,3,1,0,3,5,0.000547,0,1,4,0,0,53.152,38
120,0,0,1,1,0,0,0,0,0,2,4,1,0,53.152,39
121,0.57112,0.36791,1,1,1,2,4,0.059919,0,2,5,0,0,53.212,0
122,0,0.53729,3,1,0,3,5,0.79877,0,3,5,0,0,54.01,1
123,0,0.45722,3,1,0,3,4,0.36455,1,0,5,0,0,54.375,2
124,0.4172,0.13937,1,1,2,3,4,0.003142,1,1,5,0,0,54.378,3
125,0.68215,0.26779,1,1,1,2,5,0.97122,1,2,5,0,0,55.349,4
126,0.53814,0.16016,1,1,1,2,5,0.54894,1,3,5,0,0,55.898,5
127,0.44018,0.11193,1,1,1,2,5,0.80605,1,4,5,0,0,56.704,6
128,0,0.53419,2,1,0,2,4,0.11236,0,0,5,0,0,56.817,7
129,0.56274,0.28889,1,1,1,2,4,0.08193,0,1,5,0,0,56.898,8
130,0,0.48661,3,1,0,3,5,0.93013,0,2,5,0,0,57.829,9
131,0,0.53433,3,1,0,3,4,0.11813,1,0,5,0,0,57.947,10
132,0.43857,0.27029,1,1,1,2,5,0.85335,1,1,5,0,0,58.8,11
133,0,0.48918,2,1,0,2,5,0.82429,1,2,5,0,0,59.624,12
134,0,0.5137,2,1,0,2,5,0.97559,1,3,5,0,0,60.6,13
135,0,0.59855,3,1,0,3,4,0.25394,1,4,5,0,0,60.854,14
136,0.60261,0.26346,1,1,1,2,4,0.45968,0,0,5,0,0,61.314,15
137,0,0.57067,3,1,0,3,5,0.50579,0,1,5,0,0,61.819,16
138,0,0.53151,3,1,0,3,5,0.25621,0,2,5,0,0,62.076,17
139,0.72558,0.25889,1,1,2,3,4,0.66521,1,0,5,0,0,62.741,18
140,0.58328,0.20769,1,1,2,3,4,0.58249,1,1,5,0,0,63.323,19
141,0,0.5145,3,1,0,3,4,0.38241,1,2,5,0,0,63.706,20
142,0,0.59178,2,1,0,2,5,0.82483,1,3,5,0,0,64.531,21
143,0,0.55817,2,1,0,2,5,0.83759,1,4,5,0,0,65.368,22
144,0,0.428,2,1,0,2,5,0.82493,1,5,5,0,0,66.193,23
145,0,0.5586,3,1,0,3,5,0.89854,0,0,5,0,0,67.092,24
146,0,0.49803,2,1,0,2,4,0.2257,0,1,5,0,0,67.317,25
147,0.56433,0.2702,1,1,1,2,4,0.073639,0,2,5,0,0,67.391,26
148,0.57866,0.27922,1,1,2,3,5,0.99416,0,3,5,0,0,68.385,27
149,0,0,1,1,0,0,0,0,0,4,5,1,0,68.385,28
150,0,0.58547,2,1,0,2,4,0.008306,0,4,5,0,0,68.393,29
151,0,0.58944,3,1,0,3,4,0.042554,1,0,5,0,0,68.436,30
152,0,0.49609,2,1,0,2,5,0.92206,1,1,5,0,0,69.358,31
153,0.65823,0.37244,1,1,1,2,5,0.87981,1,2,5,0,0,70.238,32
154,0.38845,0.2886,1,1,1,2,5,0.98977,1,3,5,0,0,71.228,33
155,0.4121,0.27056,1,1,1,2,4,0.10562,0,0,5,0,0,71.333,34
156,0.4774,0.24015,1,1,1,2,4,0.021067,0,1,5,0,0,71.354,35
157,0.62097,0.24599,1,1,2,3,5,0.81856,0,2,5,0,0,72.173,36
158,0.41452,0.31138,1,1,2,3,5,0.7862,0,3,5,0,0,72.959,37
159,0.54781,0.1743,1,1,2,3,5,0.94608,0,4,5,0,0,73.905,38
160,0,0.68373,2,1,0,2,5,0.53629,1,0,5,0,0,74.441,39
161,0,0.59544,3,1,0,3,4,0.76494,1,1,4,0,0,75.206,0
162,0,0.51823,3,1,0,3,4,0.65542,1,2,4,0,0,75.862,1
163,0.63547,0.20046,1,1,2,3,4,0.50102,1,3,4,0,0,76.363,2
164,0,0.54359,3,1,0,3,5,0.22478,0,0,4,0,0,76.588,3
165,0.70628,0.24994,1,1,2,3,5,0.37628,0,1,4,0,0,76.964,4
166,0,0.53241,2,1,0,2,4,0.43784,0,2,4,0,0,77.402,5
167,0.56895,0.27736,1,1,1,2,4,0.74564,0,3,4,0,0,78.147,6
168,0.45054,0.24382,1,1,1,2,4,0.76478,0,4,4,0,0,78.912,7
169,0,0.55285,3,1,0,3,5,0.34368,0,5,4,0,0,79.256,8
170,0,0.60805,2,1,0,2,5,0.31655,1,0,4,0,0,79.572,9
171,0,0.48156,3,1,0,3,4,0.88179,1,1,4,0,0,80.454,10
172,0,0.51633,3,1,0,3,4,0.98583,1,2,4,0,0,81.44,11
173,0,0.50536,3,1,0,3,5,0.31403,0,0,4,0,0,81.754,12
174,0,0.39141,2,1,0,2,4,0.70955,0,1,4,0,0,82.464,13
175,0.56681,0.27506,1,1,1,2,4,0.56577,0,2,4,0,0,83.029,14
176,0.61942,0.27794,1,1,1,2,4,0.75116,0,3,4,0,0,83.78,15
177,0,0.57409,3,1,0,3,5,0.14177,0,4,4,0,0,83.922,16
178,0.67961,0.29011,1,1,1,2,4,0.81895,0,5,4,0,0,84.741,17
179,0.57783,0.3491,1,1,1,2,5,0.11875,1,0,4,0,0,84.86,18
180,0,0.42952,3,1,0,3,4,0.86371,1,1,4,0,0,85.724,19
181,0,0.66453,2,1,0,2,5,0.24779,1,2,4,0,0,85.971,20
182,0.57466,0.24002,1,1,1,2,5,0.13724,1,3,4,0,0,86.109,21
183,0.64188,0.23396,1,1,1,2,4,0.84646,0,0,4,0,0,86.955,22
184,0,0.61377,2,1,0,2,4,0.63376,0,1,4,0,0,87.589,23
185,0,0.5618,3,1,0,3,5,0.046935,0,2,4,0,0,87.636,24
186,0,0.5415,3,1,0,3,5,0.12916,0,3,4,0,0,87.765,25
187,0.64123,0.29565,1,1,2,3,5,0.058663,0,4,4,0,0,87.824,26
188,0.51471,0.2893,1,1,2,3,5,0.11537,0,5,4,0,0,87.939,27
189,0.62623,0.32884,1,1,2,3,4,0.93556,1,0,4,0,0,88.875,28
190,0,0.53343,2,1,0,2,5,0.0459,1,1,4,0,0,88.92,29
191,0.54165,0.39607,1,1,2,3,4,0.76071,1,2,4,0,0,89.681,30
192,0,0.55737,3,1,0,3,4,0.80857,1,3,4,0,0,90.49,31
193,0.577,0.27855,1,1,2,3,4,0.98125,1,4,4,0,0,91.471,32
194,0.51456,0.29478,1,1,2,3,4,0.8389,1,5,4,0,0,92.31,33
195,0,0.55348,3,1,0,3,5,0.58757,0,0,4,0,0,92.897,34
196,0.65301,0.25667,1,1,2,3,5,0.44706,0,1,4,0,0,93.345,35
197,0,0.61783,2,1,0,2,4,0.61045,0,2,4,0,0,93.955,36
198,0.59623,0.33979,1,1,2,3,5,0.35488,0,3,4,0,0,94.31,37
199,0,0.57203,3,1,0,3,5,0.37408,0,4,4,0,0,94.684,38
200,0,0.54283,2,1,0,2,4,0.41248,0,5,4,0,0,95.096,39
201,0.72062,0.41417,1,1,2,3,4,0.54187,1,0,5,0,0,95.638,0
202,0,0.47844,3,1,0,3,4,0.35958,1,1,5,0,0,95.998,1
203,0,0.59667,2,1,0,2,5,0.57805,1,2,5,0,0,96.576,2
204,0.38966,0.18095,1,1,1,2,5,0.81815,1,3,5,0,0,97.394,3
205,0.43175,0.27126,1,1,1,2,5,0.91359,1,4,5,0,0,98.308,4
206,0,0.46575,2,1,0,2,5,0.77777,1,5,5,0,0,99.085,5
207,0,0.5087,2,1,0,2,4,0.22511,0,0,5,0,0,99.311,6
208,0,0.40069,2,1,0,2,4,0.23309,0,1,5,0,0,99.544,7
209,0.60153,0.18968,1,1,2,3,5,0.94923,0,2,5,0,0,100.49,8
210,0,0.51696,3,1,0,3,5,0.9183,0,3,5,0,0,101.41,9
211,0,0,1,1,0,0,0,0,0,4,5,1,0,101.41,10
212,0,0.55791,3,1,0,3,5,0.97107,0,4,5,0,0,102.38,11
213,0.45127,0.11159,1,1,2,3,5,0.93233,0,5,5,0,0,103.31,12
214,0.56226,0.24278,1,1,2,3,5,0.96739,0,6,5,0,0,104.28,13
215,0.43424,0.20998,1,1,2,3,4,0.28691,1,0,5,0,0,104.57,14
216,0,0.55597,3,1,0,3,4,0.26431,1,1,5,0,0,104.83,15
217,0.50171,0.193,1,1,1,2,5,0.84793,1,2,5,0,0,105.68,16
218,0.45273,0.21161,1,1,1,2,5,0.64116,1,3,5,0,0,106.32,17
219,0.57559,0.2219,1,1,1,2,5,0.89697,1,4,5,0,0,107.22,18
220,0.4647,0.14829,1,1,1,2,5,0.85894,1,5,5,0,0,108.08,19
221,0.4694,0.27732,1,1,1,2,5,0.95708,1,6,5,0,0,109.04,20
222,0,0.53064,2,1,0,2,4,0.13562,0,0,5,0,0,109.17,21
223,0,0,2,1,0,2,0,0,0,1,5,1,0,109.17,22
224,0,0.45206,2,1,0,2,4,0.070894,0,1,5,0,0,109.24,23
225,0.61874,0.12974,1,1,2,3,5,0.83903,0,2,5,0,0,110.08,24
226,0,0.50729,3,1,0,3,5,0.71274,0,3,5,0,0,110.79,25
227,0.54422,0.13936,1,1,2,3,5,0.55116,0,4,5,0,0,111.34,26
228,0,0.50115,3,1,0,3,5,0.28783,0,5,5,0,0,111.63,27
229,0,0.54144,3,1,0,3,5,0.42331,0,6,5,0,0,112.06,28
230,0.69499,0.17094,1,1,1,2,4,0.27487,0,7,5,0,0,112.33,29
231,0,0.5341,2,1,0,2,4,0.1412,0,8,5,0,0,112.47,30
232,0.58892,0.16166,1,1,1,2,5,0.97711,1,0,5,0,0,113.45,31
233,0,0.59937,3,1,0,3,4,0.085815,1,1,5,0,0,113.53,32
234,0.7292,0.13545,1,1,1,2,5,0.7354,1,2,5,0,0,114.27,33
235,0.4103,0.16982,1,1,1,2,5,0.94392,1,3,5,0,0,115.21,34
236,0.4009,0.17119,1,1,1,2,5,0.8564,1,4,5,0,0,116.07,35
237,0.37283,0.40875,1,1,1,2,5,0.74693,1,5,5,0,0,116.82,36
238,0.36827,0.26819,1,1,1,2,5,0.87257,1,6,5,0,0,117.69,37
239,0,0.548,2,1,0,2,4,0.14557,0,0,5,0,0,117.84,38
240,0,0.55081,2,1,0,2,4,0.065463,0,1,5,0,0,117.9,39
241,0.61781,0.35789,1,1,2,3,5,0.073805,0,2,4,0,0,117.97,0
242,0,0.58794,3,1,0,3,5,0.15581,0,3,4,0,0,118.13,1
243,0.68494,0.27573,1,1,1,2,4,0.92473,0,4,4,0,0,119.06,2
244,0.53365,0.1491,1,1,1,2,4,0.73572,0,5,4,0,0,119.79,3
245,0.61082,0.1498,1,1,1,2,4,0.89002,0,6,4,0,0,120.68,4
246,0,0.50901,2,1,0,2,5,0.019847,1,0,4,0,0,120.7,5
247,0,0.64619,2,1,0,2,5,0.21405,1,1,4,0,0,120.92,6
248,0.37534,0.18349,1,1,2,3,4,0.97264,1,2,4,0,0,121.89,7
249,0,0.5728,3,1,0,3,4,0.85168,1,3,4,0,0,122.74,8
250,0.58786,0.49792,1,1,2,3,4,0.77019,1,4,4,0,0,123.51,9
251,0,0.54191,2,1,0,2,5,0.23221,1,5,4,0,0,123.74,10
252,0,0.60424,2,1,0,2,5,0.13227,1,6,4,0,0,123.87,11
253,0,0.52027,2,1,0,2,4,0.68798,0,0,4,0,0,124.56,12
254,0.5912,0.13733,1,1,2,3,5,0.19842,0,1,4,0,0,124.76,13
255,0.54375,0.23647,1,1,1,2,4,0.87625,0,2,4,0,0,125.64,14
256,0,0.55362,2,1,0,2,4,0.88664,0,3,4,0,0,126.52,15
257,0,0.628,3,1,0,3,5,0.052682,0,4,4,0,0,126.58,16
258,0,0.62825,3,1,0,3,5,0.18985,0,5,4,0,0,126.77,17
259,0.37381,0.23322,1,1,1,2,4,0.76461,0,6,4,0,0,127.53,18
260,0,0.49641,2,1,0,2,4,0.89188,0,7,4,0,0,128.42,19
261,0.74484,0.27044,1,1,1,2,5,0.20657,1,0,4,0,0,128.63,20
262,0,0.71385,2,1,0,2,5,0.15756,1,1,4,0,0,128.79,21
263,0,0.50389,3,1,0,3,4,0.77015,1,2,4,0,0,129.56,22
264,0.49979,0.26287,1,1,2,3,4,0.98467,1,3,4,0,0,130.54,23
265,0,0.65326,2,1,0,2,5,0.39355,1,4,4,0,0,130.93,24
266,0,0.51631,3,1,0,3,4,0.65922,1,5,4,0,0,131.59,25
267,0.37532,0.16039,1,1,2,3,4,0.84841,1,6,4,0,0,132.44,26
268,0.49673,0.30258,1,1,2,3,4,0.81012,1,7,4,0,0,133.25,27
269,0.35385,0.19404,1,1,2,3,5,0.081557,0,0,4,0,0,133.33,28
270,0.41187,0.3046,1,1,1,2,4,0.93413,0,1,4,0,0,134.27,29
271,0,0.65675,2,1,0,2,4,0.87513,0,2,4,0,0,135.14,30
272,0,0.57793,2,1,0,2,4,0.98118,0,3,4,0,0,136.12,31
273,0.42388,0.14385,1,1,1,2,4,0.94634,0,4,4,0,0,137.07,32
274,0,0.57429,3,1,0,3,5,0.022484,0,5,4,0,0,137.09,33
275,0,0.46149,2,1,0,2,4,0.92172,0,6,4,0,0,138.02,34
276,0.48318,0.13606,1,1,1,2,4,0.81474,0,7,4,0,0,138.83,35
277,0.4172,0.17747,1,1,1,2,4,0.91962,0,8,4,0,0,139.75,36
278,0.37091,0.21598,1,1,1,2,4,0.87642,0,9,4,0,0,140.63,37
279,0.34469,0.22753,1,1,1,2,5,0.024924,1,0,4,0,0,140.65,38
280,0.48675,0.09585,1,1,2,3,4,0.8411,1,1,4,0,0,141.49,39
281,0.491,0.29494,1,1,2,3,4,0.29837,1,2,5,0,0,141.79,0
282,0,0.59051,3,1,0,3,4,0.34602,1,3,5,0,0,142.14,1
283,0.39964,0.21968,1,1,2,3,4,0.006147,1,4,5,0,0,142.14,2
284,0.57042,0.21583,1,1,1,2,5,0.9694,1,5,5,0,0,143.11,3
285,0,0.62983,3,1,0,3,4,0.22289,1,6,5,0,0,143.33,4
286,0.45632,0.27527,1,1,1,2,5,0.68596,1,7,5,0,0,144.02,5
287,0.44479,0.21299,1,1,1,2,5,0.48137,1,8,5,0,0,144.5,6
288,0,0.5659,3,1,0,3,5,0.61688,0,0,5,0,0,145.12,7
289,0,0.73344,2,1,0,2,4,0.57735,0,1,5,0,0,145.7,8
290,0,0,1,1,0,0,0,0,0,2,5,1,0,145.7,9
291,0.64234,0.26489,1,1,2,3,5,0.66194,0,2,5,0,0,146.36,10
292,0.64214,0.18732,1,1,2,3,5,0.59065,0,3,5,0,0,146.95,11
293,0,0.5781,3,1,0,3,5,0.57679,0,4,5,0,0,147.53,12
294,0.49334,0.2423,1,1,2,3,5,0.71939,0,5,5,0,0,148.25,13
295,0,0.507,3,1,0,3,5,0.76133,0,6,5,0,0,149.01,14
296,0,0,2,1,0,2,0,0,0,7,5,1,0,149.01,15
297,0.46713,0.20024,1,1,2,3,5,0.94588,0,7,5,0,0,149.95,16
298,0.57442,0.28796,1,1,2,3,5,0.92029,0,8,5,0,0,150.87,17
299,0.67098,0.15606,1,1,2,3,4,0.081643,1,0,5,0,0,150.95,18
300,0,0.66484,2,1,0,2,5,0.9288,1,1,5,0,0,151.88,19
301,0,0.60638,3,1,0,3,4,0.27994,1,2,5,0,0,152.16,20
302,0.54849,0.2412,1,1,1,2,5,0.73816,1,3,5,0,0,152.9,21
303,0,0.54165,2,1,0,2,5,0.72409,1,4,5,0,0,153.63,22
304,0.41152,0.15583,1,1,1,2,5,0.87767,1,5,5,0,0,154.5,23
305,0.45258,0.21573,1,1,1,2,5,0.84225,1,6,5,0,0,155.35,24
306,0,0.55351,3,1,0,3,4,0.041727,1,7,5,0,0,155.39,25
307,0.43583,0.20493,1,1,1,2,5,0.98455,1,8,5,0,0,156.37,26
308,0.44155,0.22525,1,1,1,2,4,0.1713,0,0,5,0,0,156.54,27
309,0,0.5067,3,1,0,3,5,0.98324,0,1,5,0,0,157.53,28
310,0.44341,0.24752,1,1,2,3,5,0.72774,0,2,5,0,0,158.25,29
311,0.36495,0.12595,1,1,2,3,5,0.17943,0,3,5,0,0,158.43,30
312,0,0.64593,3,1,0,3,5,0.35133,0,4,5,0,0,158.78,31
313,0,0.64777,2,1,0,2,4,0.80893,0,5,5,0,0,159.59,32
314,0,0.58239,3,1,0,3,5,0.27004,0,6,5,0,0,159.86,33
315,0.54323,0.20968,1,1,1,2,5,0.69976,1,0,5,0,0,160.56,34
316,0,0,1,1,0,0,0,0,1,1,5,1,0,160.56,35
317,0,0.70088,3,1,0,3,4,0.15223,1,1,5,0,0,160.72,36
318,0.44745,0.1135,1,1,1,2,5,0.81706,1,2,5,0,0,161.53,37
319,0.59197,0.10204,1,1,1,2,5,0.86788,1,3,5,0,0,162.4,38
320,0,0.53625,2,1,0,2,5,0.54378,1,4,5,0,0,162.94,39
321,0.44287,0.22369,1,1,1,2,5,0.18321,1,5,4,0,0,163.13,0
322,0.43584,0.20311,1,1,2,3,4,0.90204,1,6,4,0,0,164.03,1
323,0,0.62026,2,1,0,2,5,0.14407,1,7,4,0,0,164.17,2
324,0.58408,0.23915,1,1,2,3,4,0.97735,1,8,4,0,0,165.15,3
325,0.4805,0.13534,1,1,2,3,4,0.90139,1,9,4,0,0,166.05,4
326,0.5442,0.19228,1,1,2,3,5,0.076197,0,0,4,0,0,166.13,5
327,0,0.60092,3,1,0,3,5,0.090058,0,1,4,0,0,166.22,6
328,0.48453,0.16551,1,1,1,2,4,0.84267,0,2,4,0,0,167.06,7
329,0.51265,0.36558,1,1,1,2,4,0.78343,0,3,4,0,0,167.84,8
330,0,0.60919,3,1,0,3,5,0.48965,0,4,4,0,0,168.33,9
331,0.37057,0.12221,1,1,1,2,4,0.7967,0,5,4,0,0,169.13,10
332,0.4929,0.16461,1,1,1,2,4,0.94844,0,6,4,0,0,170.08,11
333,0,0.54113,2,1,0,2,4,0.98896,0,7,4,0,0,171.07,12
334,0,0.53997,2,1,0,2,5,0.19124,1,0,4,0,0,171.26,13
335,0.49945,0.17543,1,1,2,3,4,0.85735,1,1,4,0,0,172.12,14
336,0,0.6645,2,1,0,2,5,0.058607,1,2,4,0,0,172.18,15
337,0,0.57593,3,1,0,3,4,0.82766,1,3,4,0,0,173,16
338,0.42816,0.16822,1,1,2,3,4,0.88283,1,4,4,0,0,173.89,17
339,0,0.61788,2,1,0,2,5,0.38177,1,5,4,0,0,174.27,18
340,0,0.52675,3,1,0,3,4,0.70518,1,6,4,0,0,174.97,19
341,0,0.51073,3,1,0,3,4,0.6792,1,7,4,0,0,175.65,20
342,0.54938,0.25657,1,1,2,3,4,0.64471,1,8,4,0,0,176.3,21
343,0,0,1,1,0,0,0,0,0,0,4,1,0,176.3,22
344,0.47177,0.27599,1,1,2,3,5,0.14428,0,0,4,0,0,176.44,23
345,0,0.52135,2,1,0,2,4,0.55292,0,1,4,0,0,176.99,24
346,0.37045,0.11016,1,1,1,2,4,0.52226,0,2,4,0,0,177.52,25
347,0,0.60023,3,1,0,3,5,0.33009,0,3,4,0,0,177.85,26
348,0.52696,0.13347,1,1,1,2,4,0.42,0,4,4,0,0,178.27,27
349,0.47184,0.18468,1,1,2,3,5,0.6076,0,5,4,0,0,178.87,28
350,0,0.68822,3,1,0,3,5,0.54158,0,6,4,0,0,179.42,29
351,0,0.61283,2,1,0,2,4,0.74733,0,7,4,0,0,180.16,30
352,0.60145,0.14418,1,1,1,2,4,0.86479,0,8,4,0,0,181.03,31
353,0,0.56391,3,1,0,3,4,0.82272,1,0,4,0,0,181.85,32
354,0,0.59673,3,1,0,3,4,0.89967,1,1,4,0,0,182.75,33
355,0,0.59647,2,1,0,2,5,0.043018,1,2,4,0,0,182.79,34
356,0,0.60167,2,1,0,2,5,0.024035,1,3,4,0,0,182.82,35
357,0,0.59288,2,1,0,2,5,0.04794,1,4,4,0,0,182.87,36
358,0.63015,0.071384,1,1,1,2,5,0.21314,1,5,4,0,0,183.08,37
359,0.44249,0.12637,1,1,2,3,4,0.97772,1,6,4,0,0,184.06,38
360,0.46864,0.0925,1,1,2,3,4,0.89504,1,7,4,0,0,184.95,39
361,0,0.60028,3,1,0,3,5,0.75633,0,0,5,0,0,185.71,0
362,0,0.59489,2,1,0,2,4,0.12996,0,1,5,0,0,185.84,1
363,0.75012,0.22659,1,1,2,3,5,0.85808,0,2,5,0,0,186.7,2
364,0.49451,0.11513,1,1,2,3,5,0.71467,0,3,5,0,0,187.41,3
365,0.36122,0.10476,1,1,2,3,5,0.8439,0,4,5,0,0,188.25,4
366,0,0.55303,3,1,0,3,5,0.82931,0,5,5,0,0,189.08,5
367,0.39771,0.19597,1,1,2,3,5,0.60838,0,6,5,0,0,189.69,6
368,0,0.5803,3,1,0,3,4,0.069909,1,0,5,0,0,189.76,7
369,0,0.57896,2,1,0,2,5,0.85778,1,1,5,0,0,190.62,8
370,0,0.68613,3,1,0,3,4,0.055669,1,2,5,0,0,190.68,9
371,0,0.5554,2,1,0,2,5,0.9222,1,3,5,0,0,191.6,10
372,0,0.66025,3,1,0,3,4,0.027423,1,4,5,0,0,191.62,11
373,0,0.57362,3,1,0,3,4,0.1617,1,5,5,0,0,191.79,12
374,0.47704,0.18019,1,1,1,2,5,0.93414,1,6,5,0,0,192.72,13
375,0.39104,0.26803,1,1,1,2,4,0.017085,0,0,5,0,0,192.74,14
376,0.54763,0.17961,1,1,2,3,5,0.9862,0,1,5,0,0,193.72,15
377,0.41958,0.11165,1,1,2,3,5,0.86662,0,2,5,0,0,194.59,16
378,0,0.59542,2,1,0,2,4,0.10671,0,3,5,0,0,194.7,17
379,0,0.55871,2,1,0,2,4,0.096425,0,4,5,0,0,194.79,18
380,0.33521,0.13565,1,1,2,3,5,0.76886,0,5,5,0,0,195.56,19
381,0.69089,0.24419,1,1,2,3,5,0.89693,0,6,5,0,0,196.46,20
382,0,0.56795,2,1,0,2,4,0.017613,0,7,5,0,0,196.48,21
383,0.43626,0.17647,1,1,2,3,5,0.96447,0,8,5,0,0,197.44,22
384,0,0.59768,3,1,0,3,4,0.21764,1,0,5,0,0,197.66,23
385,0,0.6509,3,1,0,3,4,0.13944,1,1,5,0,0,197.8,24
386,0.55722,0.17575,1,1,1,2,5,0.98759,1,2,5,0,0,198.79,25
387,0,0.6005,3,1,0,3,4,0.090079,1,3,5,0,0,198.88,26
388,0.50018,0.14946,1,1,1,2,5,0.70727,1,4,5,0,0,199.58,27
389,0,0.55805,3,1,0,3,4,0.20739,1,5,5,0,0,199.79,28
390,0.50647,0.13845,1,1,1,2,5,0.96619,1,6,5,0,0,200.76,29
391,0,0.61537,3,1,0,3,4,0.18442,1,7,5,0,0,200.94,30
392,0,0.56445,3,1,0,3,4,0.00177,1,8,5,0,0,200.94,31
393,0,0.59335,3,1,0,3,4,0.014704,1,9,5,0,0,200.96,32
394,0,0.55609,3,1,0,3,5,0.7499,0,0,5,0,0,201.71,33
395,0.5961,0.078826,1,1,2,3,5,0.48901,0,1,5,0,0,202.2,34
396,0.7109,0.34722,1,1,1,2,4,0.41495,0,2,5,0,0,202.61,35
397,0,0.58608,2,1,0,2,4,0.31996,0,3,5,0,0,202.93,36
398,0.68436,0.12009,1,1,2,3,5,0.99907,0,4,5,0,0,203.93,37
399,0.48376,0.64493,1,1,1,2,4,0.40517,0,5,5,0,0,204.34,38
400,0,0.64239,3,1,0,3,5,0.92845,0,6,5,0,0,205.26,39
401,0,0.55639,2,1,0,2,4,0.9746,0,7,4,0,0,206.24,0
402,0,0.57538,3,1,0,3,5,0.13401,0,8,4,0,0,206.37,1
403,0,0.58549,3,1,0,3,4,0.93115,1,0,4,0,0,207.3,2
404,0.44957,0.14173,1,1,1,2,5,0.21274,1,1,4,0,0,207.52,3
405,0,0.5736,2,1,0,2,5,0.023267,1,2,4,0,0,207.54,4
406,0.42108,0.030972,1,1,2,3,4,0.98536,1,3,4,0,0,208.53,5
407,0,0.56416,3,1,0,3,4,0.88186,1,4,4,0,0,209.41,6
408,0,0.55007,3,1,0,3,4,0.67276,1,5,4,0,0,210.08,7
409,0.58843,0.095217,1,1,2,3,4,0.6112,1,6,4,0,0,210.69,8
410,0,0.56664,3,1,0,3,4,0.79151,1,7,4,0,0,211.48,9
411,0.36837,0.093701,1,1,2,3,4,0.95561,1,8,4,0,0,212.44,10
412,0.4239,0.081991,1,1,2,3,4,0.719,1,9,4,0,0,213.16,11
413,0.34731,0.41137,1,1,2,3,4,0.75493,1,10,4,0,0,213.91,12
414,0.3873,0.059881,1,1,2,3,4,0.82615,1,11,4,0,0,214.74,13
415,0.41233,0.1636,1,1,2,3,4,0.77267,1,12,4,0,0,215.51,14
416,0.38488,0.096056,1,1,2,3,4,0.97271,1,13,4,0,0,216.48,15
417,0.37951,0.099993,1,1,2,3,5,0.031587,0,0,4,0,0,216.52,16
418,0.36981,0.085687,1,1,1,2,4,0.96772,0,1,4,0,0,217.48,17
419,0.39504,0.16094,1,1,1,2,4,0.85002,0,2,4,0,0,218.33,18
420,0,0.56255,2,1,0,2,4,0.74199,0,3,4,0,0,219.08,19
421,0,0,1,1,0,0,0,0,0,4,4,1,0,219.08,20
422,0,0.61905,2,1,0,2,4,0.88758,0,4,4,0,0,219.96,21
423,0.40915,0.32356,1,1,1,2,4,0.79386,0,5,4,0,0,220.76,22
424,0,0.47228,2,1,0,2,4,0.85749,0,6,4,0,0,221.61,23
425,0,0.53217,3,1,0,3,5,0.1595,0,7,4,0,0,221.77,24
426,0,0.53941,3,1,0,3,5,0.42951,0,8,4,0,0,222.2,25
427,0,0.53568,3,1,0,3,5,0.032451,0,9,4,0,0,222.24,26
428,0,0.54,2,1,0,2,4,0.69691,0,10,4,0,0,222.93,27
429,0,0.52416,2,1,0,2,5,0.078301,1,0,4,0,0,223.01,28
430,0.55455,0.15979,1,1,2,3,4,0.85608,1,1,4,0,0,223.87,29
431,0,0.54216,3,1,0,3,4,0.86005,1,2,4,0,0,224.73,30
432,0.39177,0.15011,1,1,2,3,4,0.82679,1,3,4,0,0,225.55,31
433,0.40474,0.28821,1,1,2,3,4,0.81271,1,4,4,0,0,226.37,32
434,0,0.60407,2,1,0,2,5,0.076635,1,5,4,0,0,226.44,33
435,0,0.45708,3,1,0,3,4,0.89534,1,6,4,0,0,227.34,34
436,0,0.61195,2,1,0,2,5,0.38121,1,7,4,0,0,227.72,35
437,0,0.53586,3,1,0,3,4,0.81277,1,8,4,0,0,228.53,36
438,0,0,1,1,0,0,0,0,1,9,4,1,0,228.53,37
439,0.39846,0.13211,1,1,2,3,4,0.72212,1,9,4,0,0,229.25,38
440,0,0.54493,3,1,0,3,4,0.84776,1,10,4,0,0,230.1,39
441,0,0.58208,2,1,0,2,5,0.86925,1,11,5,0,0,230.97,0
442,0.73224,0.29476,1,1,1,2,5,0.91297,1,12,5,0,0,231.88,1
443,0,0.5787,3,1,0,3,5,0.99956,0,0,5,0,0,232.88,2
444,0,0,1,1,0,0,0,0,0,1,5,1,0,232.88,3
445,0,0.61716,2,1,0,2,4,0.051895,0,1,5,0,0,232.94,4
446,0,0.65226,2,1,0,2,4,0.078164,0,2,5,0,0,233.01,5
447,0.42037,0.11182,1,1,2,3,5,0.71671,0,3,5,0,0,233.73,6
448,0,0.59651,2,1,0,2,4,0.067363,0,4,5,0,0,233.8,7
449,0,0.54002,3,1,0,3,5,0.87106,0,5,5,0,0,234.67,8
450,0,0.56049,2,1,0,2,4,0.10762,0,6,5,0,0,234.78,9
451,0,0.54347,3,1,0,3,5,0.87506,0,7,5,0,0,235.65,10
452,0,0,1,1,0,0,0,0,0,8,5,1,0,235.65,11
453,0.40355,0.099549,1,1,2,3,5,0.80562,0,8,5,0,0,236.46,12
454,0,0.62523,2,1,0,2,4,0.046722,0,9,5,0,0,236.5,13
455,0.41698,0.33745,1,1,2,3,5,0.94001,0,10,5,0,0,237.44,14
456,0,0.61258,3,1,0,3,4,0.13409,1,0,5,0,0,237.58,15
457,0.59826,0.54108,1,1,2,3,4,0.056683,1,1,5,0,0,237.64,16
458,0.40789,0.26562,1,1,1,2,5,0.96707,1,2,5,0,0,238.6,17
459,0,0.64254,3,1,0,3,4,0.056369,1,3,5,0,0,238.66,18
460,0.65303,0.084483,1,1,1,2,5,0.88561,1,4,5,0,0,239.54,19
461,0.57626,0.55347,1,1,1,2,5,0.98732,1,5,5,0,0,240.53,20
462,0.44227,0.17723,1,1,1,2,5,0.79151,1,6,5,0,0,241.32,21
463,0,0.56766,2,1,0,2,5,0.84387,1,7,5,0,0,242.17,22
464,0.498,0.23127,1,1,1,2,5,0.88624,1,8,5,0,0,243.05,23
465,0.38493,0.16106,1,1,1,2,5,0.88033,1,9,5,0,0,243.93,24
466,0.4228,0.15691,1,1,1,2,5,0.87974,1,10,5,0,0,244.81,25
467,0.44354,0.12065,1,1,1,2,5,0.82311,1,11,5,0,0,245.64,26
468,0,0.62951,3,1,0,3,5,0.85709,0,0,5,0,0,246.49,27
469,0.54308,0.12499,1,1,1,2,4,0.32254,0,1,5,0,0,246.82,28
470,0.68008,0.13196,1,1,2,3,5,0.71293,0,2,5,0,0,247.53,29
471,0,0.56596,3,1,0,3,5,0.99478,0,3,5,0,0,248.52,30
472,0,0.53086,3,1,0,3,5,0.8887,0,4,5,0,0,249.41,31
473,0,0.72392,2,1,0,2,4,0.032155,0,5,5,0,0,249.44,32
474,0.38754,0.052461,1,1,2,3,5,0.93918,0,6,5,0,0,250.38,33
475,0,0.61239,2,1,0,2,4,0.026251,0,7,5,0,0,250.41,34
476,0.4421,0.068831,1,1,2,3,5,0.84303,0,8,5,0,0,251.25,35
477,0,0.56183,2,1,0,2,4,0.36195,0,9,5,0,0,251.61,36
478,0.49608,0.16265,1,1,2,3,5,0.82918,0,10,5,0,0,252.44,37
479,0.42966,0.14852,1,1,2,3,5,0.90994,0,11,5,0,0,253.35,38
480,0.40222,0.1555,1,1,2,3,5,0.82814,0,12,5,0,0,254.18,39
481,0,0.39659,3,1,0,3,4,0.98027,1,0,4,0,0,255.16,0
482,0.45765,0.082086,1,1,2,3,4,0.9546,1,1,4,0,0,256.12,1
483,0.3792,0.13402,1,1,2,3,4,0.95221,1,2,4,0,0,257.07,2
484,0,0,2,1,0,2,0,0,1,3,4,1,0,257.07,3
485,0.56295,0.10921,1,1,2,3,4,0.67536,1,3,4,0,0,257.74,4
486,0,0.5327,3,1,0,3,4,0.89666,1,4,4,0,0,258.64,5
487,0,0.52023,3,1,0,3,4,0.87661,1,5,4,0,0,259.52,6
488,0.40008,0.10601,1,1,2,3,4,0.9667,1,6,4,0,0,260.48,7
489,0,0,3,1,0,3,0,0,1,7,4,1,0,260.48,8
490,0.48927,0.047537,1,1,2,3,4,0.8952,1,7,4,0,0,261.38,9
491,0,0.56186,2,1,0,2,5,0.16915,1,8,4,0,0,261.55,10
492,0,0.54425,3,1,0,3,4,0.97073,1,9,4,0,0,262.52,11
493,0.48109,0.10901,1,1,2,3,4,0.9747,1,10,4,0,0,263.49,12
494,0.47624,0.009506,1,1,2,3,4,0.89395,1,11,4,0,0,264.39,13
495,0,0.62189,2,1,0,2,5,0.037619,1,12,4,0,0,264.43,14
496,0.47794,0.081192,1,1,2,3,4,0.8548,1,13,4,0,0,265.28,15
497,0.39134,0.061293,1,1,2,3,5,0.21247,0,0,4,0,0,265.49,16
498,0.34519,0.096985,1,1,1,2,4,0.99703,0,1,4,0,0,266.49,17
499,0,0.56921,2,1,0,2,4,0.82566,0,2,4,0,0,267.32,18
500,0.54565,0.040912,1,1,1,2,4,0.93541,0,3,4,0,0,268.25,19
501,0,0.60409,2,1,0,2,4,0.96787,0,4,4,0,0,269.22,20
502,0,0.60023,3,1,0,3,5,0.0565,0,5,4,0,0,269.28,21
503,0,0.51488,2,1,0,2,4,0.93592,0,6,4,0,0,270.21,22
504,0,0.45955,2,1,0,2,4,0.8717,0,7,4,0,0,271.08,23
505,0,0.41322,2,1,0,2,4,0.98067,0,8,4,0,0,272.06,24
506,0,0,3,1,0,3,0,0,0,9,4,1,0,272.06,25
507,0.57047,0.038049,1,1,1,2,4,0.85201,0,9,4,0,0,272.92,26
508,0.44328,0.062644,1,1,1,2,4,0.71807,0,10,4,0,0,273.63,27
509,0,0.56332,3,1,0,3,5,0.17266,0,11,4,0,0,273.81,28
510,0.44643,0.038353,1,1,1,2,4,0.98092,0,12,4,0,0,274.79,29
511,0.40565,0.023202,1,1,1,2,4,0.88545,0,13,4,0,0,275.67,30
512,0,0.66918,3,1,0,3,4,0.88849,1,0,4,0,0,276.56,31
513,0,0.6492,2,1,0,2,5,0.35459,1,1,4,0,0,276.92,32
514,0,0.512,3,1,0,3,4,0.40431,1,2,4,0,0,277.32,33
515,0.47702,0.11623,1,1,1,2,5,0.12083,1,3,4,0,0,277.44,34
516,0,0.51908,3,1,0,3,4,0.99928,1,4,4,0,0,278.44,35
517,0.73123,0.099442,1,1,2,3,4,0.75563,1,5,4,0,0,279.2,36
518,0.42067,0.037442,1,1,2,3,4,0.5684,1,6,4,0,0,279.76,37
519,0.37957,0.074439,1,1,2,3,4,0.70102,1,7,4,0,0,280.47,38
520,0.39906,0.037123,1,1,2,3,4,0.91249,1,8,4,0,0,281.38,39
521,0,0.58206,2,1,0,2,5,0.96105,1,9,5,0,0,282.34,0
522,0,0.63254,3,1,0,3,4,0.18557,1,10,5,0,0,282.52,1
523,0.57867,0.10562,1,1,1,2,5,0.94314,1,11,5,0,0,283.47,2
524,0,0.53753,2,1,0,2,4,0.13048,0,0,5,0,0,283.6,3
525,0.62747,0.51956,1,1,1,2,4,0.099869,0,1,5,0,0,283.7,4
526,0.45068,0.043761,1,1,2,3,5,0.91423,0,2,5,0,0,284.61,5
527,0.4302,0.067434,1,1,2,3,5,0.66807,0,3,5,0,0,285.28,6
528,0.46899,0.089199,1,1,2,3,5,0.89066,0,4,5,0,0,286.17,7
529,0,0.58221,3,1,0,3,5,0.89014,0,5,5,0,0,287.06,8
530,0,0.48244,3,1,0,3,5,0.95181,0,6,5,0,0,288.01,9
531,0,0.46063,3,1,0,3,5,0.89225,0,7,5,0,0,288.91,10
532,0,0.38577,3,1,0,3,5,0.89517,0,8,5,0,0,289.8,11
533,0,0.39128,3,1,0,3,5,0.77386,0,9,5,0,0,290.57,12
534,0,0.38255,3,1,0,3,5,0.7582,0,10,5,0,0,291.33,13
535,0.73283,0.038384,1,1,2,3,4,0.010639,1,0,5,0,0,291.34,14
536,0,0.65309,2,1,0,2,5,0.64822,1,1,5,0,0,291.99,15
537,0,0,3,1,0,3,0,0,1,2,5,0,1,291.99,16
538,0.46237,0.10971,1,1,1,2,5,0.92507,1,2,5,0,0,292.92,17
539,0.4802,0.1027,1,1,1,2,5,0.86741,1,3,5,0,0,293.78,18
540,0.47938,0.084754,1,1,1,2,5,0.57399,1,4,5,0,0,294.36,19
541,0,0.53835,2,1,0,2,5,0.74547,1,5,5,0,0,295.1,20
542,0.42362,0.27811,1,1,1,2,5,0.98325,1,6,5,0,0,296.09,21
543,0.38165,0.18348,1,1,1,2,5,0.98051,1,7,5,0,0,297.07,22
544,0.40552,0.21904,1,1,1,2,5,0.79868,1,8,5,0,0,297.87,23
545,0,0.48274,2,1,0,2,5,0.88664,1,9,5,0,0,298.75,24
546,0,0.73381,3,1,0,3,4,0.087352,1,10,5,0,0,298.84,25
547,0,0.54878,2,1,0,2,5,0.85773,1,11,5,0,0,299.7,26
548,0,0,3,1,0,3,0,0,1,12,5,1,0,299.7,27
549,0,0.5683,3,1,0,3,4,0.002763,1,12,5,0,0,299.7,28
550,0.49524,0.075479,1,1,1,2,4,0.02551,0,0,5,0,0,299.73,29
551,0.44045,0.03093,1,1,2,3,5,0.91031,0,1,5,0,0,300.64,30
552,0.54204,0.062858,1,1,2,3,5,0.98927,0,2,5,0,0,301.63,31
553,0.65046,0.031761,1,1,2,3,5,0.91156,0,3,5,0,0,302.54,32
554,0,0.5925,3,1,0,3,5,0.97895,0,4,5,0,0,303.52,33
555,0,0.67963,2,1,0,2,4,0.031155,0,5,5,0,0,303.55,34
556,0.52161,0.064632,1,1,2,3,5,0.82151,0,6,5,0,0,304.37,35
557,0,0.5363,2,1,0,2,4,0.13222,0,7,5,0,0,304.5,36
558,0.4834,0.065845,1,1,2,3,5,0.87914,0,8,5,0,0,305.38,37
559,0.46462,0.035206,1,1,2,3,5,0.88317,0,9,5,0,0,306.26,38
560,0,0.60256,2,1,0,2,4,0.20654,0,10,5,0,0,306.47,39
561,0.40033,0.091534,1,1,2,3,4,0.77697,1,0,4,0,0,307.25,0
562,0.56182,0.015516,1,1,2,3,4,0.73288,1,1,4,0,0,307.98,1
563,0,0.62738,3,1,0,3,4,0.79217,1,2,4,0,0,308.77,2
564,0.39546,0.032461,1,1,2,3,4,0.68163,1,3,4,0,0,309.45,3
565,0,0.51507,3,1,0,3,4,0.83483,1,4,4,0,0,310.29,4
566,0,0,2,1,0,2,0,0,1,5,4,1,0,310.29,5
567,0,0.50441,2,1,0,2,5,0.10182,1,5,4,0,0,310.39,6
568,0.49919,0.03907,1,1,2,3,4,0.86334,1,6,4,0,0,311.25,7
569,0,0.54468,3,1,0,3,4,0.93389,1,7,4,0,0,312.19,8
570,0.37885,0.044074,1,1,2,3,4,0.70279,1,8,4,0,0,312.89,9
571,0.47017,0.003178,1,1,2,3,4,0.63744,1,9,4,0,0,313.53,10
572,0,0,2,1,0,2,0,0,1,10,4,1,0,313.53,11
573,0,0.62267,2,1,0,2,5,0.12898,1,10,4,0,0,313.66,12
574,0.3782,0.060002,1,1,2,3,4,0.76063,1,11,4,0,0,314.42,13
575,0.37285,0.11266,1,1,2,3,4,0.72884,1,12,4,0,0,315.15,14
576,0.47063,0.091817,1,1,2,3,4,0.86334,1,13,4,0,0,316.01,15
577,0,0.61665,2,1,0,2,4,0.95084,0,0,4,0,0,316.96,16
578,0,0.62704,3,1,0,3,5,0.081068,0,1,4,0,0,317.04,17
579,0,0,3,1,0,3,0,0,0,2,4,1,0,317.04,18
580,0,0.65315,3,1,0,3,5,0.02543,0,2,4,0,0,317.07,19
581,0,0.48609,3,1,0,3,5,0.026624,0,3,4,0,0,317.09,20
582,0,0.49648,3,1,0,3,5,0.17579,0,4,4,0,0,317.27,21
583,0.43264,0.12043,1,1,1,2,4,0.64498,0,5,4,0,0,317.91,22
584,0.42622,0.060894,1,1,1,2,4,0.83356,0,6,4,0,0,318.75,23
585,0.49219,0.054668,1,1,1,2,4,0.7256,0,7,4,0,0,319.47,24
586,0,0.54222,2,1,0,2,4,0.79563,0,8,4,0,0,320.27,25
587,0.46387,0.009814,1,1,1,2,4,0.74372,0,9,4,0,0,321.01,26
588,0,0.51804,2,1,0,2,4,0.95878,0,10,4,0,0,321.97,27
589,0.53746,0.048472,1,1,1,2,4,0.84297,0,11,4,0,0,322.81,28
590,0,0,1,1,0,0,0,0,0,12,4,1,0,322.81,29
591,0,0.59879,3,1,0,3,5,0.023161,0,12,4,0,0,322.84,30
592,0,0.50433,3,1,0,3,5,0.090153,0,13,4,0,0,322.93,31
593,0,0.52068,2,1,0,2,5,0.19884,1,0,4,0,0,323.13,32
594,0,0.61234,2,1,0,2,5,0.002195,1,1,4,0,0,323.13,33
595,0.44621,0.094921,1,1,2,3,4,0.79473,1,2,4,0,0,323.92,34
596,0.44394,0.075336,1,1,2,3,4,0.75201,1,3,4,0,0,324.68,35
597,0.40268,0.1276,1,1,2,3,4,0.77289,1,4,4,0,0,325.45,36
598,0,0.62914,2,1,0,2,5,0.23417,1,5,4,0,0,325.68,37
599,0,0.53045,3,1,0,3,4,0.89073,1,6,4,0,0,326.57,38
600,0,0.57645,2,1,0,2,5,0.14952,1,7,4,0,0,326.72,39
