1,0.60543,0.67437,1,1,2,3,5,0.5,0,0,4,0,0,0.5,0
2,0.50515,0,1,1,1,2,0,0,0,1,4,0,1,0.5,1
3,0.4749,0,1,1,2,3,0,0,0,1,4,0,1,0.5,2
4,0.35775,0.35356,1,1,1,2,4,0.73075,0,1,4,0,0,1.2308,3
5,0.36488,0.49468,1,1,1,2,4,0.83178,0,2,4,0,0,2.0625,4
6,0.31584,0.37016,1,1,1,2,4,0.54463,0,3,4,0,0,2.6072,5
7,0.31972,0.29953,1,1,1,2,4,0.49775,0,4,4,0,0,3.1049,6
8,0.30072,0.41626,1,1,2,3,4,0.74244,1,0,4,0,0,3.8473,7
9,0.30016,0.54331,1,1,1,2,5,0.023585,1,1,4,0,0,3.8709,8
10,0,0,2,1,0,2,0,0,1,2,4,1,0,3.8709,9
11,0.43027,0.5095,1,1,1,2,5,0.31501,1,2,4,0,0,4.1859,10
12,0.11906,0.49294,1,1,2,3,4,0.9426,1,3,4,0,0,5.1285,11
13,0,0,2,1,0,2,0,0,1,4,4,1,0,5.1285,12
14,0,0,3,1,0,3,0,0,1,4,4,1,0,5.1285,13
15,0,0,1,1,0,0,0,0,1,4,4,1,0,5.1285,14
16,0.41968,0,1,1,1,2,0,0,1,4,4,0,1,5.1285,15
17,0.3483,0.42177,1,1,1,2,5,0.68378,1,4,4,0,0,5.8123,16
18,0.28386,0.36187,1,1,1,2,4,0.29696,0,0,4,0,0,6.1093,17
19,0,0.64342,3,1,0,3,5,0.5442,0,1,4,0,0,6.6535,18
20,0.39694,0,1,1,2,3,0,0,0,2,4,0,1,6.6535,19
21,0,0.43951,3,1,0,3,5,0.28026,0,2,4,0,0,6.9337,20
22,0.65726,0.67328,1,1,2,3,5,0.10681,0,3,4,0,0,7.0405,21
23,0,0.73732,3,1,0,3,5,0.1397,0,4,4,0,0,7.1803,22
24,0,0.74585,2,1,0,2,4,0.77304,0,5,4,0,0,7.9533,23
25,0.62087,0.65175,1,1,1,2,5,0.16016,1,0,4,0,0,8.1134,24
26,0.68292,0.59913,1,1,2,3,4,0.98854,1,1,4,0,0,9.102,25
27,0.59645,0,1,1,1,2,0,0,1,2,4,0,1,9.102,26
28,0.44553,0.35469,1,1,2,3,4,0.91842,1,2,4,0,0,10.02,27
29,0,0,2,1,0,2,0,0,0,0,4,0,1,10.02,28
30,0.70334,0,1,1,1,2,0,0,0,0,4,0,1,10.02,29
31,0.46729,0,1,1,1,2,0,0,0,0,4,0,1,10.02,30
32,0,0,3,1,0,3,0,0,0,0,4,0,1,10.02,31
33,0.66909,0.43268,1,1,1,2,4,0.91404,0,0,4,0,0,10.934,32
34,0.57371,0,1,1,1,2,0,0,0,1,4,1,0,10.934,33
35,0,0,3,1,0,3,0,0,0,1,4,0,1,10.934,34
36,0,0,2,1,0,2,0,0,0,1,4,0,1,10.934,35
37,0,0,2,1,0,2,0,0,0,1,4,0,1,10.934,36
38,0.6527,0.52029,1,1,1,2,4,0.78142,0,1,4,0,0,11.716,37
39,0.4978,0.59912,1,1,1,2,4,0.95734,0,2,4,0,0,12.673,38
40,0.50599,0.49447,1,1,1,2,4,0.80195,0,3,4,0,0,13.475,39
41,0,0.57014,3,1,0,3,5,0.1569,0,4,4,0,0,13.632,40
42,0.51502,0.52712,1,1,1,2,5,0.78754,1,0,5,0,0,14.42,0
43,0.66591,0.53906,1,1,1,2,5,0.85888,1,1,5,0,0,15.278,1
44,0,0.66257,3,1,0,3,4,0.003808,1,2,5,0,0,15.282,2
45,0,0,2,1,0,2,0,0,1,3,5,0,1,15.282,3
46,0.67661,0.44145,1,1,1,2,5,0.87179,1,3,5,0,0,16.154,4
47,0,0.70593,2,1,0,2,5,0.86195,1,4,5,0,0,17.016,5
48,0.63947,0.42958,1,1,1,2,4,0.11029,0,0,5,0,0,17.126,6
49,0,0.51146,2,1,0,2,4,0.018316,0,1,5,0,0,17.145,7
50,0,0,1,1,0,0,0,0,0,2,5,1,0,17.145,8
51,0,0.73283,2,1,0,2,4,0.30402,0,2,5,0,0,17.449,9
52,0,0.59256,3,1,0,3,5,0.96959,0,3,5,0,0,18.418,10
53,0.58346,0.52101,1,1,1,2,4,0.011338,0,4,5,0,0,18.43,11
54,0.49669,0.56118,1,1,1,2,5,0.80281,1,0,5,0,0,19.232,12
55,0,0.64218,3,1,0,3,4,0.096826,1,1,5,0,0,19.329,13
56,0.42857,0.68288,1,1,1,2,5,0.74046,1,2,5,0,0,20.07,14
57,0.38438,0.5044,1,1,1,2,5,0.54142,1,3,5,0,0,20.611,15
58,0,0,3,1,0,3,0,0,1,4,5,0,1,20.611,16
59,0,0.56935,2,1,0,2,5,0.56697,1,4,5,0,0,21.178,17
60,0.50695,0.59632,1,1,1,2,5,0.65952,1,5,5,0,0,21.838,18
61,0.42335,0.50684,1,1,1,2,4,0.34073,0,0,5,0,0,22.178,19
62,0,0.70843,2,1,0,2,4,0.10438,0,1,5,0,0,22.283,20
63,0,0.43621,2,1,0,2,4,0.040632,0,2,5,0,0,22.323,21
64,0,0,1,1,0,0,0,0,0,3,5,1,0,22.323,22
65,0.42973,0,1,1,2,3,0,0,0,3,5,0,1,22.323,23
66,0.57893,0.57168,1,1,2,3,5,0.78008,0,3,5,0,0,23.103,24
67,0.51844,0.48593,1,1,2,3,5,0.66482,0,4,5,0,0,23.768,25
68,0.40283,0.41468,1,1,2,3,5,0.63457,0,5,5,0,0,24.403,26
69,0,0,2,1,0,2,0,0,1,0,5,1,0,24.403,27
70,0,0.74056,3,1,0,3,4,0.11696,1,0,5,0,0,24.52,28
71,0,0.46565,2,1,0,2,5,0.84398,1,1,5,0,0,25.364,29
72,0.64692,0.69235,1,1,1,2,5,0.81539,1,2,5,0,0,26.179,30
73,0,0.63967,3,1,0,3,4,0.1286,1,3,5,0,0,26.308,31
74,0,0.5726,3,1,0,3,4,0.066019,1,4,5,0,0,26.374,32
75,0.71523,0,1,1,2,3,0,0,0,0,5,0,1,26.374,33
76,0,0,2,1,0,2,0,0,0,0,5,0,1,26.374,34
77,0,0,2,1,0,2,0,0,0,0,5,0,1,26.374,35
78,0,0,2,1,0,2,0,0,0,0,5,0,1,26.374,36
79,0,0,3,1,0,3,0,0,0,0,5,0,1,26.374,37
80,0,0,2,1,0,2,0,0,0,0,5,1,0,26.374,38
81,0.72482,0.69317,1,1,2,3,5,0.89404,0,0,5,0,0,27.268,39
82,0.62126,0.39962,1,1,2,3,5,0.9943,0,1,5,0,0,28.262,40
83,0.51006,0.52382,1,1,2,3,5,0.11332,0,2,4,0,0,28.375,0
84,0,0.68456,3,1,0,3,5,0.040166,0,3,4,0,0,28.416,1
85,0.58331,0.46626,1,1,1,2,4,0.97035,0,4,4,0,0,29.386,2
86,0.58684,0.6128,1,1,1,2,4,0.97347,0,5,4,0,0,30.359,3
87,0.61097,0.38834,1,1,1,2,5,0.30248,1,0,4,0,0,30.662,4
88,0.5112,0.50115,1,1,1,2,5,0.17133,1,1,4,0,0,30.833,5
89,0.45293,0,1,1,1,2,0,0,1,2,4,0,1,30.833,6
90,0,0,3,1,0,3,0,0,1,2,4,1,0,30.833,7
91,0,0.63545,2,1,0,2,5,0.28857,1,2,4,0,0,31.122,8
92,0,0.62345,3,1,0,3,4,0.74393,1,3,4,0,0,31.866,9
93,0,0,3,1,0,3,0,0,0,0,4,0,1,31.866,10
94,0.58531,0,1,1,1,2,0,0,0,0,4,0,1,31.866,11
95,0,0.55082,2,1,0,2,4,0.95182,0,0,4,0,0,32.818,12
96,0,0.37211,2,1,0,2,4,0.84033,0,1,4,0,0,33.658,13
97,0,0.47385,2,1,0,2,4,0.76527,0,2,4,0,0,34.423,14
98,0.46159,0.5792,1,1,1,2,4,0.91636,0,3,4,0,0,35.339,15
99,0.65475,0.51811,1,1,1,2,4,0.91362,0,4,4,0,0,36.253,16
100,0,0.70462,3,1,0,3,5,0.14772,0,5,4,0,0,36.401,17
101,0,0.56585,2,1,0,2,5,0.36985,1,0,4,0,0,36.771,18
102,0.56837,0.54799,1,1,1,2,5,0.26207,1,1,4,0,0,37.033,19
103,0,0.49661,2,1,0,2,5,0.096854,1,2,4,0,0,37.13,20
104,0.61294,0.59427,1,1,1,2,5,0.039812,1,3,4,0,0,37.169,21
105,0.46166,0,1,1,1,2,0,0,0,0,4,0,1,37.169,22
106,0.51597,0.48698,1,1,1,2,4,0.84814,0,0,4,0,0,38.018,23
107,0,0,3,1,0,3,0,0,0,1,4,1,0,38.018,24
108,0.60016,0.48937,1,1,1,2,4,0.94213,0,1,4,0,0,38.96,25
109,0,0.57294,3,1,0,3,5,0.12313,0,2,4,0,0,39.083,26
110,0.62877,0.38412,1,1,1,2,4,0.96379,0,3,4,0,0,40.047,27
111,0,0.5881,3,1,0,3,4,0.78441,1,0,4,0,0,40.831,28
112,0.49809,0.51826,1,1,1,2,5,0.028379,1,1,4,0,0,40.859,29
113,0.73103,0.42537,1,1,2,3,4,0.99222,1,2,4,0,0,41.852,30
114,0,0,3,1,0,3,0,0,1,3,4,1,0,41.852,31
115,0,0.52353,2,1,0,2,5,0.11809,1,3,4,0,0,41.97,32
116,0,0.61275,3,1,0,3,4,0.76086,1,4,4,0,0,42.731,33
117,0,0,2,1,0,2,0,0,0,0,4,0,1,42.731,34
118,0.60035,0.41146,1,1,1,2,4,0.67301,0,0,4,0,0,43.404,35
119,0.57539,0,1,1,1,2,0,0,0,1,4,0,1,43.404,36
120,0,0.71004,2,1,0,2,4,0.78395,0,1,4,0,0,44.187,37
121,0,0,1,1,0,0,0,0,0,2,4,1,0,44.187,38
122,0,0.60348,2,1,0,2,4,0.87245,0,2,4,0,0,45.06,39
123,0,0.66957,2,1,0,2,4,0.9785,0,3,4,0,0,46.038,40
124,0.58366,0.58198,1,1,1,2,4,0.10455,0,4,5,0,0,46.143,0
125,0.73226,0,1,1,1,2,0,0,0,5,5,1,0,46.143,1
126,0,0.6535,3,1,0,3,5,0.95229,0,5,5,0,0,47.095,2
127,0.73155,0.45116,1,1,2,3,4,0.20826,1,0,5,0,0,47.304,3
128,0.67622,0,1,1,2,3,0,0,1,1,5,0,1,47.304,4
129,0.55002,0.48301,1,1,2,3,4,0.53737,1,1,5,0,0,47.841,5
130,0,0,2,1,0,2,0,0,1,2,5,1,0,47.841,6
131,0.55223,0.51564,1,1,1,2,5,0.84551,1,2,5,0,0,48.686,7
132,0,0,2,1,0,2,0,0,1,3,5,1,0,48.686,8
133,0.53019,0.51251,1,1,2,3,4,0.18101,1,3,5,0,0,48.867,9
134,0,0,1,1,0,0,0,0,0,0,5,1,0,48.867,10
135,0.43151,0,1,1,1,2,0,0,0,0,5,1,0,48.867,11
136,0.38737,0.434,1,1,1,2,4,0.21277,0,0,5,0,0,49.08,12
137,0.52732,0.35439,1,1,1,2,4,0.050661,0,1,5,0,0,49.131,13
138,0.46796,0.45041,1,1,2,3,5,0.86883,0,2,5,0,0,50,14
139,0.4704,0.68483,1,1,2,3,4,0.187,1,0,5,0,0,50.187,15
140,0.35826,0.3231,1,1,1,2,5,0.9908,1,1,5,0,0,51.177,16
141,0,0.73573,2,1,0,2,5,0.90923,1,2,5,0,0,52.087,17
142,0,0.67003,3,1,0,3,4,0.32055,1,3,5,0,0,52.407,18
143,0,0.39619,2,1,0,2,4,0.18659,0,0,5,0,0,52.594,19
144,0,0.56369,2,1,0,2,4,0.23974,0,1,5,0,0,52.834,20
145,0,0,3,1,0,3,0,0,0,2,5,1,0,52.834,21
146,0,0.7074,2,1,0,2,4,0.25637,0,2,5,0,0,53.09,22
147,0.69171,0.45119,1,1,1,2,5,0.98003,1,0,5,0,0,54.07,23
148,0,0.35095,2,1,0,2,5,0.9226,1,1,5,0,0,54.993,24
149,0,0,3,1,0,3,0,0,1,2,5,1,0,54.993,25
150,0.6286,0.35431,1,1,1,2,5,0.74143,1,2,5,0,0,55.734,26
151,0.67496,0.36918,1,1,1,2,5,0.62679,1,3,5,0,0,56.361,27
152,0,0.70342,3,1,0,3,4,0.52552,1,4,5,0,0,56.886,28
153,0.49981,0.36569,1,1,1,2,5,0.80676,1,5,5,0,0,57.693,29
154,0,0.61795,3,1,0,3,5,0.92936,0,0,5,0,0,58.622,30
155,0,0.58658,2,1,0,2,4,0.11872,0,1,5,0,0,58.741,31
156,0.51311,0.30958,1,1,1,2,4,0.13315,0,2,5,0,0,58.874,32
157,0.58177,0.52048,1,1,1,2,5,0.92698,1,0,5,0,0,59.801,33
158,0,0.64067,3,1,0,3,4,0.1194,1,1,5,0,0,59.921,34
159,0.5278,0.35359,1,1,1,2,5,0.97303,1,2,5,0,0,60.894,35
160,0.61439,0.30741,1,1,1,2,4,0.019235,0,0,5,0,0,60.913,36
161,0,0.61299,3,1,0,3,5,0.89577,0,1,5,0,0,61.809,37
162,0,0,2,1,0,2,0,0,0,2,5,1,0,61.809,38
163,0,0.54225,2,1,0,2,4,0.079408,0,2,5,0,0,61.888,39
164,0,0.61819,3,1,0,3,5,0.92891,0,3,5,0,0,62.817,40
165,0,0,1,1,0,0,0,0,0,4,4,1,0,62.817,0
166,0.43604,0.54021,1,1,2,3,5,0.32453,0,4,4,0,0,63.142,1
167,0.53114,0.41063,1,1,1,2,4,0.79715,0,5,4,0,0,63.939,2
168,0,0,3,1,0,3,0,0,1,0,4,0,1,63.939,3
169,0,0,2,1,0,2,0,0,1,0,4,1,0,63.939,4
170,0,0,3,1,0,3,0,0,1,0,4,1,0,63.939,5
171,0,0.57772,3,1,0,3,4,0.89059,1,0,4,0,0,64.829,6
172,0,0,1,1,0,0,0,0,1,1,4,1,0,64.829,7
173,0.46672,0.50983,1,1,1,2,5,0.39366,1,1,4,0,0,65.223,8
174,0,0.60654,2,1,0,2,5,0.14599,1,2,4,0,0,65.369,9
175,0,0.54547,2,1,0,2,5,0.06773,1,3,4,0,0,65.437,10
176,0,0,1,1,0,0,0,0,0,0,4,1,0,65.437,11
177,0,0.66129,3,1,0,3,5,0.22338,0,0,4,0,0,65.66,12
178,0,0,3,1,0,3,0,0,0,1,4,0,1,65.66,13
179,0.58296,0.62767,1,1,1,2,4,0.83456,0,1,4,0,0,66.495,14
180,0,0,3,1,0,3,0,0,0,2,4,1,0,66.495,15
181,0.58725,0.44792,1,1,2,3,5,0.070455,0,2,4,0,0,66.565,16
182,0,0.50057,2,1,0,2,4,0.91905,0,3,4,0,0,67.484,17
183,0,0.60916,2,1,0,2,4,0.97157,0,4,4,0,0,68.456,18
184,0,0.36944,2,1,0,2,5,0.27457,1,0,4,0,0,68.73,19
185,0,0.40437,2,1,0,2,5,0.11999,1,1,4,0,0,68.85,20
186,0.6354,0,1,1,1,2,0,0,1,2,4,0,1,68.85,21
187,0.67127,0.49814,1,1,1,2,5,0.25763,1,2,4,0,0,69.108,22
188,0,0.57261,3,1,0,3,4,0.72779,1,3,4,0,0,69.836,23
189,0,0.65052,3,1,0,3,4,0.93453,1,4,4,0,0,70.77,24
190,0.58548,0.36913,1,1,1,2,5,0.023367,1,5,4,0,0,70.794,25
191,0,0.64486,3,1,0,3,5,0.21403,0,0,4,0,0,71.008,26
192,0,0.6163,2,1,0,2,4,0.78321,0,1,4,0,0,71.791,27
193,0.50795,0.37857,1,1,1,2,4,0.93757,0,2,4,0,0,72.728,28
194,0,0.56747,2,1,0,2,5,0.31207,1,0,4,0,0,73.04,29
195,0.59477,0.50705,1,1,1,2,5,0.37286,1,1,4,0,0,73.413,30
196,0.56045,0.43205,1,1,1,2,5,0.19296,1,2,4,0,0,73.606,31
197,0,0,3,1,0,3,0,0,1,3,4,0,1,73.606,32
198,0,0,2,1,0,2,0,0,1,3,4,1,0,73.606,33
199,0,0.55059,3,1,0,3,4,0.91667,1,3,4,0,0,74.523,34
200,0.58066,0.31189,1,1,1,2,5,0.06924,1,4,4,0,0,74.592,35
201,0,0.74808,2,1,0,2,4,0.92515,0,0,4,0,0,75.517,36
202,0,0.43446,2,1,0,2,4,0.95538,0,1,4,0,0,76.473,37
203,0.60789,0.63146,1,1,2,3,5,0.076736,0,2,4,0,0,76.549,38
204,0,0.62472,2,1,0,2,4,0.84595,0,3,4,0,0,77.395,39
205,0.45018,0.4272,1,1,1,2,5,0.060223,1,0,4,0,0,77.456,40
206,0,0.53749,3,1,0,3,4,0.071465,1,1,5,0,0,77.527,0
207,0,0.68148,3,1,0,3,4,0.17173,1,2,5,0,0,77.699,1
208,0,0.53309,3,1,0,3,4,0.090689,1,3,5,0,0,77.79,2
209,0.44245,0.33692,1,1,1,2,5,0.88254,1,4,5,0,0,78.672,3
210,0.43678,0.34241,1,1,1,2,5,0.91629,1,5,5,0,0,79.588,4
211,0,0.57916,3,1,0,3,4,0.17273,1,6,5,0,0,79.761,5
212,0,0.62276,3,1,0,3,4,0.26145,1,7,5,0,0,80.023,6
213,0,0.51013,3,1,0,3,4,0.10344,1,8,5,0,0,80.126,7
214,0,0,1,1,0,0,0,0,1,9,5,1,0,80.126,8
215,0,0,2,1,0,2,0,0,1,9,5,1,0,80.126,9
216,0.65929,0,1,1,1,2,0,0,1,9,5,1,0,80.126,10
217,0,0.71661,3,1,0,3,4,0.013725,1,9,5,0,0,80.14,11
218,0.49649,0.66758,1,1,2,3,5,0.75968,0,0,5,0,0,80.899,12
219,0.37714,0.33526,1,1,2,3,5,0.7625,0,1,5,0,0,81.662,13
220,0,0,2,1,0,2,0,0,0,2,5,1,0,81.662,14
221,0.48095,0.32826,1,1,1,2,4,0.079191,0,2,5,0,0,81.741,15
222,0.46974,0.54556,1,1,2,3,5,0.9722,0,3,5,0,0,82.713,16
223,0.41371,0,1,1,2,3,0,0,0,4,5,1,0,82.713,17
224,0.62098,0.66354,1,1,2,3,5,0.58713,0,4,5,0,0,83.3,18
225,0.54995,0.54416,1,1,2,3,5,0.86752,0,5,5,0,0,84.168,19
226,0.4456,0.58555,1,1,2,3,5,0.82846,0,6,5,0,0,84.996,20
227,0.42218,0.45204,1,1,2,3,4,0.39773,1,0,5,0,0,85.394,21
228,0.43505,0.56643,1,1,2,3,4,0.22131,1,1,5,0,0,85.615,22
229,0,0,2,1,0,2,0,0,1,2,5,0,1,85.615,23
230,0,0,2,1,0,2,0,0,1,2,5,0,1,85.615,24
231,0,0,3,1,0,3,0,0,1,2,5,1,0,85.615,25
232,0,0,2,1,0,2,0,0,1,2,5,1,0,85.615,26
233,0,0.45321,2,1,0,2,5,0.89358,1,2,5,0,0,86.509,27
234,0.72754,0.50019,1,1,2,3,4,0.049084,1,3,5,0,0,86.558,28
235,0,0.60417,3,1,0,3,4,0.085092,1,4,5,0,0,86.643,29
236,0,0.74071,3,1,0,3,4,0.17858,1,5,5,0,0,86.822,30
237,0,0,3,1,0,3,0,0,1,6,5,0,1,86.822,31
238,0,0,1,1,0,0,0,0,1,6,5,1,0,86.822,32
239,0,0,2,1,0,2,0,0,1,6,5,1,0,86.822,33
240,0,0,3,1,0,3,0,0,1,6,5,1,0,86.822,34
241,0,0,2,1,0,2,0,0,1,6,5,1,0,86.822,35
242,0.60152,0.48175,1,1,2,3,4,0.002739,1,6,5,0,0,86.825,36
243,0.52259,0.62457,1,1,2,3,5,0.87269,0,0,5,0,0,87.697,37
244,0,0.60056,3,1,0,3,5,0.9169,0,1,5,0,0,88.614,38
245,0.50087,0.44204,1,1,2,3,5,0.71574,0,2,5,0,0,89.33,39
246,0,0.52864,3,1,0,3,5,0.79018,0,3,5,0,0,90.12,40
247,0.56359,0.50557,1,1,2,3,5,0.32272,0,4,4,0,0,90.443,0
248,0.42091,0.35578,1,1,2,3,5,0.056014,0,5,4,0,0,90.499,1
249,0.51024,0.39447,1,1,2,3,5,0.078268,0,6,4,0,0,90.577,2
250,0,0.47045,3,1,0,3,5,0.06083,0,7,4,0,0,90.638,3
251,0.48033,0.31876,1,1,1,2,5,0.067671,1,0,4,0,0,90.706,4
252,0,0,1,1,0,0,0,0,1,1,4,1,0,90.706,5
253,0.42141,0.35652,1,1,2,3,4,0.82246,1,1,4,0,0,91.528,6
254,0.43473,0,1,1,2,3,0,0,1,2,4,1,0,91.528,7
255,0.36476,0.36623,1,1,2,3,4,0.98937,1,2,4,0,0,92.517,8
256,0,0.62525,3,1,0,3,4,0.98234,1,3,4,0,0,93.5,9
257,0,0.57229,3,1,0,3,4,0.96293,1,4,4,0,0,94.463,10
258,0.49291,0.5205,1,1,2,3,4,0.79525,1,5,4,0,0,95.258,11
259,0,0,2,1,0,2,0,0,1,6,4,1,0,95.258,12
260,0,0,3,1,0,3,0,0,1,6,4,1,0,95.258,13
261,0,0.59367,2,1,0,2,5,0.13668,1,6,4,0,0,95.395,14
262,0.58387,0.64396,1,1,1,2,5,0.17073,1,7,4,0,0,95.565,15
263,0,0.61865,2,1,0,2,5,0.35672,1,8,4,0,0,95.922,16
264,0,0.52396,3,1,0,3,5,0.35645,0,0,4,0,0,96.278,17
265,0.62958,0.37162,1,1,1,2,4,0.64375,0,1,4,0,0,96.922,18
266,0.61038,0,1,1,2,3,0,0,0,2,4,1,0,96.922,19
267,0,0.65924,3,1,0,3,5,0.18716,0,2,4,0,0,97.109,20
268,0,0.58591,3,1,0,3,5,0.22296,0,3,4,0,0,97.332,21
269,0.65914,0.73194,1,1,1,2,4,0.87578,0,4,4,0,0,98.208,22
270,0,0.45846,2,1,0,2,4,0.92597,0,5,4,0,0,99.134,23
271,0.46507,0.33214,1,1,1,2,4,0.72064,0,6,4,0,0,99.855,24
272,0,0.43921,2,1,0,2,5,0.16433,1,0,4,0,0,100.02,25
273,0,0,3,1,0,3,0,0,1,1,4,1,0,100.02,26
274,0.65132,0.28584,1,1,2,3,4,0.90616,1,1,4,0,0,100.93,27
275,0.42419,0.44896,1,1,2,3,4,0.99469,1,2,4,0,0,101.92,28
276,0,0.6005,2,1,0,2,5,0.049957,1,3,4,0,0,101.97,29
277,0.60905,0.16064,1,1,1,2,5,0.023955,1,4,4,0,0,101.99,30
278,0,0.55473,2,1,0,2,5,0.058905,1,5,4,0,0,102.05,31
279,0.63978,0.45204,1,1,2,3,4,0.93092,1,6,4,0,0,102.98,32
280,0,0,1,1,0,0,0,0,1,7,4,1,0,102.98,33
281,0.51351,0.15349,1,1,1,2,5,0.048853,1,7,4,0,0,103.03,34
282,0.4529,0.32744,1,1,2,3,4,0.92154,1,8,4,0,0,103.95,35
283,0.56571,0.43752,1,1,2,3,4,0.97165,1,9,4,0,0,104.93,36
284,0,0,2,1,0,2,0,0,0,0,4,1,0,104.93,37
285,0.45328,0.45917,1,1,2,3,5,0.2609,0,0,4,0,0,105.19,38
286,0,0,2,1,0,2,0,0,0,1,4,1,0,105.19,39
287,0,0.58982,2,1,0,2,4,0.81628,0,1,4,0,0,106,40
288,0.50376,0,1,1,2,3,0,0,0,2,5,0,1,106,0
289,0,0,2,1,0,2,0,0,0,2,5,1,0,106,1
290,0,0.42018,2,1,0,2,4,0.35664,0,2,5,0,0,106.36,2
291,0.60131,0.51448,1,1,2,3,5,0.82316,0,3,5,0,0,107.18,3
292,0.54203,0.4368,1,1,1,2,4,0.14453,0,4,5,0,0,107.33,4
293,0,0.68504,2,1,0,2,4,0.052031,0,5,5,0,0,107.38,5
294,0.45081,0.48357,1,1,2,3,5,0.76617,0,6,5,0,0,108.15,6
295,0,0,3,1,0,3,0,0,1,0,5,1,0,108.15,7
296,0.50697,0.74683,1,1,2,3,4,0.44545,1,0,5,0,0,108.59,8
297,0,0.65571,2,1,0,2,5,0.47569,1,1,5,0,0,109.07,9
298,0,0.63504,3,1,0,3,4,0.26012,1,2,5,0,0,109.33,10
299,0.52226,0.36588,1,1,1,2,5,0.83202,1,3,5,0,0,110.16,11
300,0,0.6072,3,1,0,3,4,0.16435,1,4,5,0,0,110.32,12
301,0,0.58948,2,1,0,2,5,0.90082,1,5,5,0,0,111.22,13
302,0,0.44696,2,1,0,2,5,0.69227,1,6,5,0,0,111.92,14
303,0,0.5594,3,1,0,3,4,0.3718,1,7,5,0,0,112.29,15
304,0,0.34401,2,1,0,2,5,0.71925,1,8,5,0,0,113.01,16
305,0,0.47626,2,1,0,2,4,0.25461,0,0,5,0,0,113.26,17
306,0,0.38162,2,1,0,2,4,0.31228,0,1,5,0,0,113.57,18
307,0,0.37059,2,1,0,2,4,0.25376,0,2,5,0,0,113.83,19
308,0.57034,0.46507,1,1,1,2,4,0.070498,0,3,5,0,0,113.9,20
309,0,0.60719,3,1,0,3,5,0.79254,0,4,5,0,0,114.69,21
310,0,0,2,1,0,2,0,0,0,5,5,0,1,114.69,22
311,0,0.39239,2,1,0,2,4,0.19179,0,5,5,0,0,114.88,23
312,0,0.60076,3,1,0,3,5,0.92389,0,6,5,0,0,115.81,24
313,0.55284,0.3706,1,1,2,3,5,0.88246,0,7,5,0,0,116.69,25
314,0,0.53925,2,1,0,2,5,0.89195,1,0,5,0,0,117.58,26
315,0,0.56455,2,1,0,2,5,0.99689,1,1,5,0,0,118.58,27
316,0.5364,0,1,1,2,3,0,0,1,2,5,1,0,118.58,28
317,0.61652,0.53439,1,1,2,3,4,0.1351,1,2,5,0,0,118.71,29
318,0.4622,0,1,1,2,3,0,0,1,3,5,0,1,118.71,30
319,0,0.70259,2,1,0,2,5,0.90537,1,3,5,0,0,119.62,31
320,0.55074,0.68246,1,1,1,2,5,0.59138,1,4,5,0,0,120.21,32
321,0.50899,0.36111,1,1,1,2,5,0.52811,1,5,5,0,0,120.74,33
322,0.3575,0.63133,1,1,1,2,5,0.99748,1,6,5,0,0,121.74,34
323,0,0.64642,3,1,0,3,4,0.10601,1,7,5,0,0,121.84,35
324,0,0.43395,2,1,0,2,5,0.90732,1,8,5,0,0,122.75,36
325,0,0.71102,3,1,0,3,5,0.93221,0,0,5,0,0,123.68,37
326,0,0.62388,2,1,0,2,4,0.10007,0,1,5,0,0,123.78,38
327,0,0,1,1,0,0,0,0,0,2,5,1,0,123.78,39
328,0.46787,0.37833,1,1,2,3,5,0.70749,0,2,5,0,0,124.49,40
329,0,0.63267,2,1,0,2,4,0.9618,0,3,4,0,0,125.45,0
330,0,0.6499,3,1,0,3,5,0.10568,0,4,4,0,0,125.56,1
331,0.45107,0.47476,1,1,2,3,5,0.12482,0,5,4,0,0,125.68,2
332,0,0.4667,2,1,0,2,4,0.88483,0,6,4,0,0,126.57,3
333,0.46381,0.37483,1,1,1,2,4,0.89772,0,7,4,0,0,127.46,4
334,0.56871,0.3519,1,1,1,2,4,0.89925,0,8,4,0,0,128.36,5
335,0,0.59628,2,1,0,2,4,0.90074,0,9,4,0,0,129.26,6
336,0,0.65628,3,1,0,3,4,0.64956,1,0,4,0,0,129.91,7
337,0,0.60214,2,1,0,2,5,0.2931,1,1,4,0,0,130.21,8
338,0,0.51943,2,1,0,2,5,0.032865,1,2,4,0,0,130.24,9
339,0,0.58493,2,1,0,2,5,0.17622,1,3,4,0,0,130.41,10
340,0,0.53163,3,1,0,3,4,0.92283,1,4,4,0,0,131.34,11
341,0,0.58593,2,1,0,2,5,0.13329,1,5,4,0,0,131.47,12
342,0,0.66243,3,1,0,3,4,0.9983,1,6,4,0,0,132.47,13
343,0.46974,0.5723,1,1,2,3,4,0.92378,1,7,4,0,0,133.39,14
344,0.59174,0.58736,1,1,2,3,4,0.91541,1,8,4,0,0,134.31,15
345,0.4687,0.35235,1,1,2,3,4,0.81533,1,9,4,0,0,135.12,16
346,0.53689,0.36567,1,1,2,3,5,0.13891,0,0,4,0,0,135.26,17
347,0.48387,0.37534,1,1,1,2,4,0.93169,0,1,4,0,0,136.19,18
348,0,0,3,1,0,3,0,0,0,2,4,1,0,136.19,19
349,0,0.69422,3,1,0,3,5,0.037803,0,2,4,0,0,136.23,20
350,0,0.46283,3,1,0,3,5,0.12483,0,3,4,0,0,136.36,21
351,0.53951,0.28403,1,1,1,2,4,0.75752,0,4,4,0,0,137.11,22
352,0,0.56279,2,1,0,2,4,0.9483,0,5,4,0,0,138.06,23
353,0,0,1,1,0,0,0,0,0,6,4,1,0,138.06,24
354,0.53068,0.41441,1,1,1,2,4,0.79125,0,6,4,0,0,138.85,25
355,0.49544,0.37015,1,1,1,2,5,0.26059,1,0,4,0,0,139.11,26
356,0.43895,0.4359,1,1,1,2,5,0.23484,1,1,4,0,0,139.35,27
357,0,0.50892,2,1,0,2,5,0.14435,1,2,4,0,0,139.49,28
358,0.40308,0.32588,1,1,1,2,5,0.27456,1,3,4,0,0,139.77,29
359,0,0.5902,3,1,0,3,4,0.65865,1,4,4,0,0,140.43,30
360,0.58041,0.33016,1,1,2,3,4,0.7121,1,5,4,0,0,141.14,31
361,0,0.55332,2,1,0,2,5,0.28776,1,6,4,0,0,141.43,32
362,0.53082,0.46232,1,1,2,3,4,0.98585,1,7,4,0,0,142.41,33
363,0,0,3,1,0,3,0,0,1,8,4,0,1,142.41,34
364,0,0.51372,2,1,0,2,5,0.22288,1,8,4,0,0,142.64,35
365,0,0.61064,2,1,0,2,5,0.25077,1,9,4,0,0,142.89,36
366,0,0.54654,3,1,0,3,5,0.37427,0,0,4,0,0,143.26,37
367,0.48046,0.41848,1,1,2,3,5,0.39819,0,1,4,0,0,143.66,38
368,0.47892,0.56565,1,1,2,3,5,0.50264,0,2,4,0,0,144.16,39
369,0.46098,0.427,1,1,2,3,5,0.54239,0,3,4,0,0,144.7,40
370,0.45303,0.524,1,1,2,3,5,0.83395,0,4,5,0,0,145.54,0
371,0,0.48712,3,1,0,3,5,0.93684,0,5,5,0,0,146.47,1
372,0.406,0.46726,1,1,2,3,5,0.86535,0,6,5,0,0,147.34,2
373,0.42205,0.34339,1,1,2,3,5,0.89698,0,7,5,0,0,148.24,3
374,0,0.41342,3,1,0,3,5,0.90839,0,8,5,0,0,149.15,4
375,0,0.68442,2,1,0,2,5,0.89201,1,0,5,0,0,150.04,5
376,0.55314,0.45708,1,1,1,2,5,0.9116,1,1,5,0,0,150.95,6
377,0.44328,0.35083,1,1,1,2,5,0.96158,1,2,5,0,0,151.91,7
378,0,0,3,1,0,3,0,0,1,3,5,1,0,151.91,8
379,0.39284,0.24929,1,1,1,2,5,0.75258,1,3,5,0,0,152.66,9
380,0,0,3,1,0,3,0,0,1,4,5,1,0,152.66,10
381,0,0.60831,2,1,0,2,5,0.98817,1,4,5,0,0,153.65,11
382,0,0.60091,3,1,0,3,4,0.013853,1,5,5,0,0,153.67,12
383,0,0.54373,3,1,0,3,4,0.068885,1,6,5,0,0,153.73,13
384,0.59898,0,1,1,1,2,0,0,1,7,5,0,1,153.73,14
385,0.60018,0.29557,1,1,1,2,5,0.94832,1,7,5,0,0,154.68,15
386,0.43575,0.44491,1,1,1,2,5,0.97206,1,8,5,0,0,155.65,16
387,0,0.53279,2,1,0,2,4,0.1259,0,0,5,0,0,155.78,17
388,0.37577,0.35296,1,1,2,3,5,0.8628,0,1,5,0,0,156.64,18
389,0,0.64024,2,1,0,2,4,0.18052,0,2,5,0,0,156.82,19
390,0.50627,0.37028,1,1,1,2,4,0.21064,0,3,5,0,0,157.03,20
391,0,0.72743,2,1,0,2,4,0.087495,0,4,5,0,0,157.12,21
392,0.62896,0.62481,1,1,1,2,4,0.13433,0,5,5,0,0,157.26,22
393,0,0.52742,2,1,0,2,4,0.29512,0,6,5,0,0,157.55,23
394,0,0.36742,2,1,0,2,5,0.64351,1,0,5,0,0,158.19,24
395,0,0,1,1,0,0,0,0,1,1,5,1,0,158.19,25
396,0,0.65117,3,1,0,3,4,0.22053,1,1,5,0,0,158.42,26
397,0.66658,0.3512,1,1,1,2,5,0.99905,1,2,5,0,0,159.41,27
398,0,0.64383,3,1,0,3,4,0.038138,1,3,5,0,0,159.45,28
399,0.53687,0.42803,1,1,1,2,5,0.83305,1,4,5,0,0,160.29,29
400,0,0.55951,2,1,0,2,5,0.70668,1,5,5,0,0,160.99,30
401,0,0.55493,3,1,0,3,4,0.2207,1,6,5,0,0,161.21,31
402,0,0.42094,3,1,0,3,4,0.53568,1,7,5,0,0,161.75,32
403,0,0.52358,2,1,0,2,4,0.54907,0,0,5,0,0,162.3,33
404,0,0.44628,2,1,0,2,4,0.66846,0,1,5,0,0,162.97,34
405,0,0.44448,2,1,0,2,4,0.87644,0,2,5,0,0,163.84,35
406,0.59632,0.3099,1,1,1,2,4,0.90507,0,3,5,0,0,164.75,36
407,0.49348,0.33851,1,1,1,2,4,0.74831,0,4,5,0,0,165.5,37
408,0,0.44252,2,1,0,2,4,0.66284,0,5,5,0,0,166.16,38
409,0,0.36808,2,1,0,2,4,0.074743,0,6,5,0,0,166.23,39
410,0,0,3,1,0,3,0,0,0,7,5,1,0,166.23,40
411,0.57307,0.36076,1,1,1,2,4,0.85541,0,7,4,0,0,167.09,0
412,0,0.67687,3,1,0,3,5,0.01972,0,8,4,0,0,167.11,1
413,0.38702,0.30808,1,1,1,2,4,0.89351,0,9,4,0,0,168,2
414,0,0.48249,2,1,0,2,4,0.96733,0,10,4,0,0,168.97,3
415,0,0.39818,2,1,0,2,5,0.12067,1,0,4,0,0,169.09,4
416,0,0.65906,3,1,0,3,4,0.73865,1,1,4,0,0,169.83,5
417,0.52089,0.54859,1,1,2,3,4,0.74406,1,2,4,0,0,170.57,6
418,0,0.46738,2,1,0,2,5,0.038729,1,3,4,0,0,170.61,7
419,0,0.59116,2,1,0,2,5,0.01313,1,4,4,0,0,170.62,8
420,0.47393,0.62299,1,1,2,3,4,0.81793,1,5,4,0,0,171.44,9
421,0,0,3,1,0,3,0,0,1,6,4,1,0,171.44,10
422,0.51007,0,1,1,1,2,0,0,1,6,4,0,1,171.44,11
423,0,0.61749,2,1,0,2,5,0.050355,1,6,4,0,0,171.49,12
424,0.53233,0,1,1,2,3,0,0,1,7,4,0,1,171.49,13
425,0.4799,0.31917,1,1,1,2,5,0.16537,1,7,4,0,0,171.66,14
426,0.54741,0.33811,1,1,2,3,4,0.90563,1,8,4,0,0,172.56,15
427,0,0.5607,3,1,0,3,4,0.83892,1,9,4,0,0,173.4,16
428,0,0.69187,2,1,0,2,5,0.23345,1,10,4,0,0,173.64,17
429,0,0.47611,2,1,0,2,5,0.15943,1,11,4,0,0,173.8,18
430,0.55938,0.29388,1,1,1,2,4,0.69007,0,0,4,0,0,174.49,19
431,0,0.5418,2,1,0,2,4,0.65822,0,1,4,0,0,175.14,20
432,0.49319,0.38442,1,1,2,3,5,0.21455,0,2,4,0,0,175.36,21
433,0,0.43783,2,1,0,2,4,0.95726,0,3,4,0,0,176.32,22
434,0,0,3,1,0,3,0,0,0,4,4,0,1,176.32,23
435,0.54847,0,1,1,1,2,0,0,0,4,4,1,0,176.32,24
436,0.44901,0.24419,1,1,1,2,4,0.96139,0,4,4,0,0,177.28,25
437,0.39203,0.40426,1,1,1,2,4,0.91539,0,5,4,0,0,178.19,26
438,0.44108,0.20795,1,1,1,2,4,0.73096,0,6,4,0,0,178.92,27
439,0,0.41116,2,1,0,2,4,0.5359,0,7,4,0,0,179.46,28
440,0,0.45299,2,1,0,2,4,0.50175,0,8,4,0,0,179.96,29
441,0,0.38953,2,1,0,2,4,0.28476,0,9,4,0,0,180.25,30
442,0.45216,0.3582,1,1,2,3,5,0.4652,0,10,4,0,0,180.71,31
443,0,0.56567,3,1,0,3,4,0.69893,1,0,4,0,0,181.41,32
444,0.5895,0.59073,1,1,2,3,4,0.91036,1,1,4,0,0,182.32,33
445,0.51756,0,1,1,1,2,0,0,1,2,4,1,0,182.32,34
446,0,0.6568,3,1,0,3,4,0.88137,1,2,4,0,0,183.2,35
447,0,0,2,1,0,2,0,0,1,3,4,0,1,183.2,36
448,0,0,3,1,0,3,0,0,1,3,4,0,1,183.2,37
449,0,0.6859,2,1,0,2,5,0.32992,1,3,4,0,0,183.53,38
450,0.66526,0.40445,1,1,1,2,5,0.33312,1,4,4,0,0,183.87,39
451,0,0.63643,3,1,0,3,4,0.56288,1,5,4,0,0,184.43,40
452,0,0.57576,3,1,0,3,4,0.33844,1,6,5,0,0,184.77,0
453,0,0.54665,3,1,0,3,4,0.15274,1,7,5,0,0,184.92,1
454,0.45673,0.70232,1,1,2,3,4,0.23823,1,8,5,0,0,185.16,2
455,0,0.48646,2,1,0,2,5,0.6971,1,9,5,0,0,185.85,3
456,0.43494,0.32881,1,1,1,2,5,0.83293,1,10,5,0,0,186.69,4
457,0.55027,0.29835,1,1,1,2,5,0.85829,1,11,5,0,0,187.55,5
458,0,0,1,1,0,0,0,0,1,12,5,1,0,187.55,6
459,0,0.44188,2,1,0,2,5,0.86162,1,12,5,0,0,188.41,7
460,0.62248,0.39658,1,1,1,2,5,0.80474,1,13,5,0,0,189.21,8
461,0,0,3,1,0,3,0,0,0,0,5,1,0,189.21,9
462,0,0.57409,2,1,0,2,4,0.18052,0,0,5,0,0,189.39,10
463,0.47757,0.44148,1,1,2,3,5,0.69946,0,1,5,0,0,190.09,11
464,0.43788,0.33742,1,1,2,3,5,0.68656,0,2,5,0,0,190.78,12
465,0.3918,0.37538,1,1,2,3,5,0.59312,0,3,5,0,0,191.37,13
466,0,0,1,1,0,0,0,0,0,4,5,1,0,191.37,14
467,0,0.60685,3,1,0,3,5,0.90052,0,4,5,0,0,192.27,15
468,0,0.57387,3,1,0,3,5,0.77385,0,5,5,0,0,193.05,16
469,0,0.60665,3,1,0,3,5,0.82895,0,6,5,0,0,193.88,17
470,0.43307,0.33417,1,1,2,3,5,0.90873,0,7,5,0,0,194.78,18
471,0.60725,0.36084,1,1,2,3,5,0.73498,0,8,5,0,0,195.52,19
472,0.44477,0.44593,1,1,2,3,5,0.80372,0,9,5,0,0,196.32,20
473,0,0,2,1,0,2,0,0,0,10,5,1,0,196.32,21
474,0,0,3,1,0,3,0,0,0,10,5,0,1,196.32,22
475,0,0.61921,2,1,0,2,4,0.15063,0,10,5,0,0,196.47,23
476,0,0.55895,2,1,0,2,4,0.12536,0,11,5,0,0,196.6,24
477,0.49656,0.54371,1,1,2,3,5,0.80231,0,12,5,0,0,197.4,25
478,0,0.50074,3,1,0,3,4,0.19834,1,0,5,0,0,197.6,26
479,0,0.55343,2,1,0,2,5,0.87801,1,1,5,0,0,198.48,27
480,0.60715,0.45238,1,1,2,3,4,0.26026,1,2,5,0,0,198.74,28
481,0.52486,0.48119,1,1,2,3,4,0.32086,1,3,5,0,0,199.06,29
482,0.51546,0.33417,1,1,2,3,4,0.019049,1,4,5,0,0,199.08,30
483,0.3789,0.29783,1,1,2,3,4,0.016449,1,5,5,0,0,199.09,31
484,0.41279,0.72298,1,1,1,2,5,0.99257,1,6,5,0,0,200.09,32
485,0.40335,0.32473,1,1,1,2,5,0.95696,1,7,5,0,0,201.04,33
486,0.43391,0.3133,1,1,1,2,5,0.96347,1,8,5,0,0,202.01,34
487,0.5791,0,1,1,2,3,0,0,1,9,5,0,1,202.01,35
488,0,0.67791,2,1,0,2,5,0.97156,1,9,5,0,0,202.98,36
489,0.51967,0.66036,1,1,1,2,5,0.87292,1,10,5,0,0,203.85,37
490,0,0.5689,2,1,0,2,5,0.78811,1,11,5,0,0,204.64,38
491,0.46881,0.45259,1,1,1,2,5,0.85267,1,12,5,0,0,205.49,39
492,0.41741,0.39475,1,1,1,2,5,0.67151,1,13,5,0,0,206.16,40
493,0,0.58567,3,1,0,3,5,0.26822,0,0,4,0,0,206.43,0
494,0,0.51672,2,1,0,2,4,0.48356,0,1,4,0,0,206.92,1
495,0.59748,0.29742,1,1,1,2,4,0.55854,0,2,4,0,0,207.47,2
496,0.41997,0.29584,1,1,1,2,4,0.88488,0,3,4,0,0,208.36,3
497,0.48712,0.32984,1,1,1,2,4,0.9963,0,4,4,0,0,209.36,4
498,0.50654,0.36012,1,1,1,2,4,0.95881,0,5,4,0,0,210.31,5
499,0,0.52466,2,1,0,2,4,0.99478,0,6,4,0,0,211.31,6
500,0,0.63742,3,1,0,3,5,0.039635,0,7,4,0,0,211.35,7
501,0,0.58467,3,1,0,3,5,0.010205,0,8,4,0,0,211.36,8
502,0.63207,0.31374,1,1,1,2,4,0.99506,0,9,4,0,0,212.35,9
503,0,0.44987,2,1,0,2,4,0.91288,0,10,4,0,0,213.27,10
504,0.55458,0.27282,1,1,1,2,4,0.57195,0,11,4,0,0,213.84,11
505,0,0,3,1,0,3,0,0,0,12,4,1,0,213.84,12
506,0.47434,0.36615,1,1,2,3,5,0.62808,0,12,4,0,0,214.47,13
507,0,0.63594,3,1,0,3,5,0.32393,0,13,4,0,0,214.79,14
508,0,0.50431,3,1,0,3,4,0.86092,1,0,4,0,0,215.65,15
509,0,0.66338,2,1,0,2,5,0.38101,1,1,4,0,0,216.03,16
510,0.55127,0.36271,1,1,2,3,4,0.773,1,2,4,0,0,216.81,17
511,0,0.59168,2,1,0,2,5,0.31668,1,3,4,0,0,217.12,18
512,0.44696,0.37889,1,1,2,3,4,0.48191,1,4,4,0,0,217.6,19
513,0.45405,0,1,1,2,3,0,0,1,5,4,1,0,217.6,20
514,0.48306,0.29886,1,1,1,2,5,0.14203,1,5,4,0,0,217.75,21
515,0,0.57371,3,1,0,3,4,0.8123,1,6,4,0,0,218.56,22
516,0,0.58721,2,1,0,2,5,0.001315,1,7,4,0,0,218.56,23
517,0,0.54581,2,1,0,2,5,0.064303,1,8,4,0,0,218.62,24
518,0.43805,0.28118,1,1,2,3,4,0.86061,1,9,4,0,0,219.48,25
519,0,0.52858,2,1,0,2,5,0.31669,1,10,4,0,0,219.8,26
520,0.50063,0.41736,1,1,2,3,4,0.56496,1,11,4,0,0,220.37,27
521,0.46543,0.34222,1,1,1,2,4,0.8599,0,0,4,0,0,221.23,28
522,0.53541,0.37237,1,1,1,2,4,0.90395,0,1,4,0,0,222.13,29
523,0.43104,0.42835,1,1,1,2,4,0.83957,0,2,4,0,0,222.97,30
524,0,0.47043,2,1,0,2,4,0.95194,0,3,4,0,0,223.92,31
525,0,0,1,1,0,0,0,0,0,4,4,1,0,223.92,32
526,0,0.46368,2,1,0,2,4,0.98459,0,4,4,0,0,224.91,33
527,0,0.65199,3,1,0,3,5,0.083388,0,5,4,0,0,224.99,34
528,0,0.58835,2,1,0,2,4,0.89952,0,6,4,0,0,225.89,35
529,0.53402,0,1,1,1,2,0,0,0,7,4,1,0,225.89,36
530,0.43214,0.34506,1,1,1,2,4,0.95276,0,7,4,0,0,226.84,37
531,0,0.70453,3,1,0,3,5,0.078749,0,8,4,0,0,226.92,38
532,0,0.52909,3,1,0,3,5,0.065017,0,9,4,0,0,226.99,39
533,0,0.58491,3,1,0,3,5,0.023241,0,10,4,0,0,227.01,40
534,0,0.59255,3,1,0,3,4,0.006874,1,0,5,0,0,227.02,0
535,0,0,1,1,0,0,0,0,1,1,5,1,0,227.02,1
536,0,0.5402,2,1,0,2,5,0.92056,1,1,5,0,0,227.94,2
537,0.50761,0.55319,1,1,1,2,5,0.83022,1,2,5,0,0,228.77,3
538,0.45152,0.47384,1,1,1,2,5,0.73138,1,3,5,0,0,229.5,4
539,0,0,1,1,0,0,0,0,1,4,5,1,0,229.5,5
540,0,0.66977,3,1,0,3,4,0.32316,1,4,5,0,0,229.82,6
541,0,0,3,1,0,3,0,0,1,5,5,1,0,229.82,7
542,0.47581,0.10935,1,1,1,2,5,0.89148,1,5,5,0,0,230.71,8
543,0.4082,0.09044,1,1,1,2,5,0.93459,1,6,5,0,0,231.65,9
544,0.40197,0.30483,1,1,1,2,5,0.94908,1,7,5,0,0,232.6,10
545,0,0.51617,3,1,0,3,4,0.092508,1,8,5,0,0,232.69,11
546,0.48404,0.31295,1,1,1,2,5,0.71441,1,9,5,0,0,233.4,12
547,0,0.51672,2,1,0,2,5,0.95163,1,10,5,0,0,234.35,13
548,0.42302,0.3699,1,1,1,2,5,0.91651,1,11,5,0,0,235.27,14
549,0.44876,0.35641,1,1,1,2,4,0.19795,0,0,5,0,0,235.47,15
550,0.49789,0.2792,1,1,1,2,4,0.056786,0,1,5,0,0,235.53,16
551,0.36809,0.29312,1,1,2,3,5,0.83688,0,2,5,0,0,236.36,17
552,0,0.56061,2,1,0,2,4,0.008972,0,3,5,0,0,236.37,18
553,0.59317,0.41405,1,1,2,3,5,0.97896,0,4,5,0,0,237.35,19
554,0,0.58121,2,1,0,2,4,0.072819,0,5,5,0,0,237.42,20
555,0.61183,0.51682,1,1,2,3,5,0.92238,0,6,5,0,0,238.35,21
556,0.40684,0.36232,1,1,2,3,5,0.81783,0,7,5,0,0,239.16,22
557,0,0.45989,3,1,0,3,5,0.92891,0,8,5,0,0,240.09,23
558,0,0.64433,2,1,0,2,4,0.010269,0,9,5,0,0,240.1,24
559,0.39963,0.29814,1,1,2,3,5,0.69643,0,10,5,0,0,240.8,25
560,0,0.48411,3,1,0,3,5,0.61172,0,11,5,0,0,241.41,26
561,0.52347,0.36815,1,1,2,3,4,0.42043,1,0,5,0,0,241.83,27
562,0.50734,0.33066,1,1,2,3,4,0.24012,1,1,5,0,0,242.07,28
563,0,0.70986,3,1,0,3,4,0.045506,1,2,5,0,0,242.12,29
564,0.59295,0.37344,1,1,1,2,5,0.98009,1,3,5,0,0,243.1,30
565,0,0.42813,2,1,0,2,5,0.9629,1,4,5,0,0,244.06,31
566,0,0.35949,2,1,0,2,5,0.63146,1,5,5,0,0,244.69,32
567,0.46417,0.32309,1,1,1,2,5,0.64297,1,6,5,0,0,245.33,33
568,0.56792,0.24161,1,1,1,2,5,0.80676,1,7,5,0,0,246.14,34
569,0.42719,0.30853,1,1,1,2,5,0.75496,1,8,5,0,0,246.9,35
570,0,0.43113,2,1,0,2,5,0.78834,1,9,5,0,0,247.68,36
571,0.48218,0.39542,1,1,1,2,5,0.80158,1,10,5,0,0,248.49,37
572,0,0.52511,2,1,0,2,5,0.92448,1,11,5,0,0,249.41,38
573,0.39243,0.35698,1,1,1,2,5,0.87384,1,12,5,0,0,250.28,39
574,0.44876,0.32317,1,1,1,2,4,0.22509,0,0,5,0,0,250.51,40
575,0,0,3,1,0,3,0,0,0,1,4,1,0,250.51,0
576,0.57588,0.39382,1,1,1,2,4,0.93739,0,1,4,0,0,251.45,1
577,0.39571,0.3639,1,1,1,2,4,0.92502,0,2,4,0,0,252.37,2
578,0,0.45053,2,1,0,2,4,0.76262,0,3,4,0,0,253.13,3
579,0,0.45621,2,1,0,2,4,0.8729,0,4,4,0,0,254.01,4
580,0,0.38499,2,1,0,2,4,0.83462,0,5,4,0,0,254.84,5
581,0.46687,0.73513,1,1,1,2,4,0.77138,0,6,4,0,0,255.61,6
582,0.47834,0.47699,1,1,2,3,5,0.34154,0,7,4,0,0,255.96,7
583,0,0.45538,3,1,0,3,5,0.14592,0,8,4,0,0,256.1,8
584,0,0.52053,3,1,0,3,5,0.14781,0,9,4,0,0,256.25,9
585,0.59028,0.15513,1,1,1,2,4,0.97801,0,10,4,0,0,257.23,10
586,0,0.34284,2,1,0,2,4,0.92062,0,11,4,0,0,258.15,11
587,0,0.45987,2,1,0,2,4,0.93256,0,12,4,0,0,259.08,12
588,0,0.60369,3,1,0,3,5,0.17415,0,13,4,0,0,259.25,13
589,0,0.44401,2,1,0,2,5,0.36693,1,0,4,0,0,259.62,14
590,0.61761,0.30866,1,1,2,3,4,0.55663,1,1,4,0,0,260.18,15
591,0,0,1,1,0,0,0,0,1,2,4,1,0,260.18,16
592,0.43896,0.31262,1,1,2,3,4,0.82049,1,2,4,0,0,261,17
593,0.63223,0.32487,1,1,2,3,4,0.93281,1,3,4,0,0,261.93,18
594,0.45594,0.44267,1,1,2,3,4,0.95052,1,4,4,0,0,262.88,19
595,0.46496,0.4038,1,1,2,3,4,0.95713,1,5,4,0,0,263.84,20
596,0,0.47505,3,1,0,3,4,0.88469,1,6,4,0,0,264.72,21
597,0,0.57368,2,1,0,2,5,0.15731,1,7,4,0,0,264.88,22
598,0.48437,0.44635,1,1,2,3,4,0.90631,1,8,4,0,0,265.79,23
599,0,0.49234,3,1,0,3,4,0.97953,1,9,4,0,0,266.77,24
600,0,0.56249,2,1,0,2,5,0.065611,1,10,4,0,0,266.83,25
