1,0.3675,0.4647,1,1,2,3,5,0.5,0,0,5,0,0,0.5,0
2,0,0.71824,2,1,0,2,4,0.45948,0,1,5,0,0,0.95948,1
3,0.48732,0.39483,1,1,2,3,5,0.36032,0,2,5,0,0,1.3198,2
4,0,0.74098,2,1,0,2,4,0.31112,0,3,5,0,0,1.6309,3
5,0,0.56042,3,1,0,3,5,0.73747,0,4,5,0,0,2.3684,4
6,0.52082,0.29407,1,1,2,3,5,0.82151,0,5,5,0,0,3.1899,5
7,0.55056,0.40712,1,1,2,3,5,0.70778,0,6,5,0,0,3.8977,6
8,0,0.61755,3,1,0,3,5,0.76295,0,7,5,0,0,4.6606,7
9,0,0.67423,2,1,0,2,5,0.49834,1,0,5,0,0,5.159,8
10,0.65506,0.37341,1,1,2,3,4,0.10285,1,1,5,0,0,5.2618,9
11,0,0.62766,2,1,0,2,5,0.9841,1,2,5,0,0,6.2459,10
12,0.73377,0.35978,1,1,2,3,4,0.041873,1,3,5,0,0,6.2878,11
13,0,0.48808,2,1,0,2,5,0.92363,1,4,5,0,0,7.2114,12
14,0,0,1,1,0,0,0,0,1,5,5,1,0,7.2114,13
15,0.57901,0.39144,1,1,1,2,5,0.56424,1,5,5,0,0,7.7757,14
16,0,0,1,1,0,0,0,0,1,6,5,1,0,7.7757,15
17,0,0.62199,3,1,0,3,4,0.31877,1,6,5,0,0,8.0944,16
18,0,0.59049,3,1,0,3,4,0.56868,1,7,5,0,0,8.6631,17
19,0,0,1,1,0,0,0,0,1,8,5,1,0,8.6631,18
20,0.42887,0.41162,1,1,1,2,5,0.46974,1,8,5,0,0,9.1329,19
21,0,0.71924,2,1,0,2,5,0.75865,1,9,5,0,0,9.8915,20
22,0,0.58163,3,1,0,3,5,0.8761,0,0,5,0,0,10.768,21
23,0,0.43797,3,1,0,3,5,0.83404,0,1,5,0,0,11.602,22
24,0,0.47991,3,1,0,3,5,0.91098,0,2,5,0,0,12.513,23
25,0.5892,0.33022,1,1,2,3,5,0.9683,0,3,5,0,0,13.481,24
26,0,0.54709,3,1,0,3,5,0.98728,0,4,5,0,0,14.468,25
27,0.63393,0.33752,1,1,2,3,5,0.96338,0,5,5,0,0,15.432,26
28,0,0.64558,2,1,0,2,4,0.20182,0,6,5,0,0,15.633,27
29,0,0.45421,3,1,0,3,5,0.98903,0,7,5,0,0,16.622,28
30,0.5754,0.30141,1,1,2,3,4,0.093644,1,0,5,0,0,16.716,29
31,0,0.58578,3,1,0,3,4,0.23235,1,1,5,0,0,16.948,30
32,0,0.62336,2,1,0,2,5,0.88136,1,2,5,0,0,17.83,31
33,0.63454,0.32017,1,1,1,2,5,0.8694,1,3,5,0,0,18.699,32
34,0,0.63235,3,1,0,3,4,0.274,1,4,5,0,0,18.973,33
35,0.50828,0.28692,1,1,1,2,5,0.85521,1,5,5,0,0,19.828,34
36,0.47768,0.37979,1,1,1,2,5,0.84063,1,6,5,0,0,20.669,35
37,0,0.60131,2,1,0,2,5,0.6197,1,7,5,0,0,21.289,36
38,0.44265,0.30406,1,1,1,2,4,0.058589,0,0,5,0,0,21.347,37
39,0,0.553,3,1,0,3,5,0.8691,0,1,5,0,0,22.216,38
40,0,0.7427,2,1,0,2,4,0.04435,0,2,5,0,0,22.261,39
41,0,0.63501,2,1,0,2,4,0.066481,0,3,5,0,0,22.327,40
42,0,0.68231,2,1,0,2,4,0.9839,0,4,4,0,0,23.311,0
43,0,0.51219,3,1,0,3,5,0.15038,0,5,4,0,0,23.462,1
44,0.63676,0.35719,1,1,1,2,4,0.94546,0,6,4,0,0,24.407,2
45,0,0.61635,2,1,0,2,5,0.005766,1,0,4,0,0,24.413,3
46,0,0.62758,3,1,0,3,4,0.99752,1,1,4,0,0,25.41,4
47,0,0,1,1,0,0,0,0,1,2,4,1,0,25.41,5
48,0.67462,0.44141,1,1,2,3,4,0.90461,1,2,4,0,0,26.315,6
49,0.52865,0.41119,1,1,2,3,4,0.9149,1,3,4,0,0,27.23,7
50,0,0.66575,2,1,0,2,5,0.21982,1,4,4,0,0,27.45,8
51,0,0,3,1,0,3,0,0,1,5,4,1,0,27.45,9
52,0.71456,0.43404,1,1,2,3,4,0.99371,1,5,4,0,0,28.443,10
53,0,0.54465,3,1,0,3,4,0.97579,1,6,4,0,0,29.419,11
54,0.58463,0.34899,1,1,2,3,4,0.79368,1,7,4,0,0,30.213,12
55,0,0.59342,3,1,0,3,5,0.12812,0,0,4,0,0,30.341,13
56,0,0,1,1,0,0,0,0,0,1,4,1,0,30.341,14
57,0.47902,0.35616,1,1,1,2,4,0.92124,0,1,4,0,0,31.262,15
58,0,0.62299,2,1,0,2,4,0.71859,0,2,4,0,0,31.981,16
59,0,0.57703,3,1,0,3,5,0.19607,0,3,4,0,0,32.177,17
60,0.62836,0.58461,1,1,1,2,4,0.97751,0,4,4,0,0,33.154,18
61,0.64928,0.57255,1,1,1,2,4,0.8269,0,5,4,0,0,33.981,19
62,0.436,0.37557,1,1,1,2,4,0.81397,0,6,4,0,0,34.795,20
63,0.4537,0.42639,1,1,1,2,4,0.94521,0,7,4,0,0,35.74,21
64,0.62371,0.37369,1,1,1,2,5,0.005752,1,0,4,0,0,35.746,22
65,0,0.58195,2,1,0,2,5,0.24115,1,1,4,0,0,35.987,23
66,0,0.67509,3,1,0,3,4,0.49797,1,2,4,0,0,36.485,24
67,0,0.50281,3,1,0,3,4,0.594,1,3,4,0,0,37.079,25
68,0,0.56334,3,1,0,3,4,0.68899,1,4,4,0,0,37.768,26
69,0,0.50806,3,1,0,3,4,0.28476,1,5,4,0,0,38.053,27
70,0,0.48115,3,1,0,3,4,0.61837,1,6,4,0,0,38.671,28
71,0,0.52212,3,1,0,3,4,0.66452,1,7,4,0,0,39.336,29
72,0.44222,0.35926,1,1,2,3,5,0.44408,0,0,4,0,0,39.78,30
73,0,0.69474,2,1,0,2,4,0.70417,0,1,4,0,0,40.484,31
74,0,0.56308,3,1,0,3,5,0.099155,0,2,4,0,0,40.583,32
75,0,0,1,1,0,0,0,0,0,3,4,1,0,40.583,33
76,0.48335,0.36108,1,1,1,2,4,0.82212,0,3,4,0,0,41.405,34
77,0.42891,0.3815,1,1,1,2,4,0.83074,0,4,4,0,0,42.236,35
78,0,0.54995,2,1,0,2,4,0.72724,0,5,4,0,0,42.963,36
79,0.59047,0.34858,1,1,1,2,4,0.51815,0,6,4,0,0,43.482,37
80,0.48932,0.36354,1,1,1,2,4,0.45658,0,7,4,0,0,43.938,38
81,0.44434,0.31233,1,1,1,2,4,0.63689,0,8,4,0,0,44.575,39
82,0,0.61549,3,1,0,3,4,0.86914,1,0,4,0,0,45.444,40
83,0,0,2,1,0,2,0,0,1,1,5,1,0,45.444,0
84,0,0.48,3,1,0,3,4,0.05372,1,1,5,0,0,45.498,1
85,0,0.46764,3,1,0,3,4,0.017786,1,2,5,0,0,45.516,2
86,0.62734,0.35905,1,1,1,2,5,0.92873,1,3,5,0,0,46.444,3
87,0,0.57927,3,1,0,3,4,0.075569,1,4,5,0,0,46.52,4
88,0.65291,0.36568,1,1,1,2,5,0.92374,1,5,5,0,0,47.444,5
89,0.49906,0.35274,1,1,1,2,5,0.80604,1,6,5,0,0,48.25,6
90,0.47837,0.36359,1,1,1,2,5,0.69801,1,7,5,0,0,48.948,7
91,0,0.60506,3,1,0,3,4,0.59362,1,8,5,0,0,49.541,8
92,0.56537,0.31307,1,1,2,3,5,0.8436,0,0,5,0,0,50.385,9
93,0,0.64238,2,1,0,2,4,0.018738,0,1,5,0,0,50.404,10
94,0.42019,0.35072,1,1,2,3,5,0.88755,0,2,5,0,0,51.291,11
95,0.43021,0.3584,1,1,2,3,5,0.95117,0,3,5,0,0,52.242,12
96,0,0,2,1,0,2,0,0,0,4,5,1,0,52.242,13
97,0,0,3,1,0,3,0,0,0,4,5,1,0,52.242,14
98,0.49952,0.36316,1,1,2,3,5,0.81471,0,4,5,0,0,53.057,15
99,0.54424,0.33502,1,1,1,2,4,0.1272,0,5,5,0,0,53.184,16
100,0,0.58145,3,1,0,3,5,0.60217,0,6,5,0,0,53.787,17
101,0.45998,0.30202,1,1,2,3,5,0.82695,0,7,5,0,0,54.613,18
102,0,0.53691,3,1,0,3,5,0.76134,0,8,5,0,0,55.375,19
103,0,0.62627,2,1,0,2,5,0.7653,1,0,5,0,0,56.14,20
104,0.44812,0.30055,1,1,1,2,5,0.73204,1,1,5,0,0,56.872,21
105,0,0.54715,3,1,0,3,4,0.28204,1,2,5,0,0,57.154,22
106,0.59611,0.30293,1,1,1,2,5,0.82862,1,3,5,0,0,57.983,23
107,0.48098,0.37345,1,1,1,2,5,0.80059,1,4,5,0,0,58.783,24
108,0,0.57235,2,1,0,2,5,0.94813,1,5,5,0,0,59.732,25
109,0,0.51519,2,1,0,2,5,0.67159,1,6,5,0,0,60.403,26
110,0.56837,0.34152,1,1,1,2,5,0.86557,1,7,5,0,0,61.269,27
111,0.68602,0.38721,1,1,1,2,5,0.79094,1,8,5,0,0,62.06,28
112,0,0.62218,3,1,0,3,5,0.77492,0,0,5,0,0,62.835,29
113,0,0.5228,3,1,0,3,5,0.90056,0,1,5,0,0,63.735,30
114,0,0.62764,2,1,0,2,4,0.077956,0,2,5,0,0,63.813,31
115,0,0.5326,3,1,0,3,5,0.96577,0,3,5,0,0,64.779,32
116,0,0.49017,3,1,0,3,5,0.77506,0,4,5,0,0,65.554,33
117,0,0.47421,3,1,0,3,5,0.91432,0,5,5,0,0,66.468,34
118,0,0.39885,3,1,0,3,5,0.88805,0,6,5,0,0,67.356,35
119,0,0.45322,3,1,0,3,5,0.68292,0,7,5,0,0,68.039,36
120,0.53679,0.37696,1,1,2,3,4,0.10115,1,0,5,0,0,68.14,37
121,0.46629,0.37272,1,1,1,2,5,0.83727,1,1,5,0,0,68.978,38
122,0,0.62186,3,1,0,3,4,0.1414,1,2,5,0,0,69.119,39
123,0,0.5135,2,1,0,2,5,0.84127,1,3,5,0,0,69.96,40
124,0.72138,0.32898,1,1,1,2,5,0.17974,1,4,4,0,0,70.14,0
125,0,0.6302,2,1,0,2,5,0.22817,1,5,4,0,0,70.368,1
126,0.56618,0.4042,1,1,2,3,4,0.91949,1,6,4,0,0,71.288,2
127,0.71407,0.45689,1,1,2,3,5,0.093773,0,0,4,0,0,71.381,3
128,0,0.58934,3,1,0,3,5,0.032685,0,1,4,0,0,71.414,4
129,0.54251,0.29542,1,1,1,2,4,0.89322,0,2,4,0,0,72.307,5
130,0,0.7209,2,1,0,2,4,0.97062,0,3,4,0,0,73.278,6
131,0.5075,0.43938,1,1,1,2,4,0.99437,0,4,4,0,0,74.272,7
132,0.54835,0.37677,1,1,1,2,4,0.97093,0,5,4,0,0,75.243,8
133,0.47647,0.33043,1,1,1,2,4,0.91292,0,6,4,0,0,76.156,9
134,0,0.57462,2,1,0,2,4,0.71711,0,7,4,0,0,76.873,10
135,0,0.41858,2,1,0,2,5,0.23054,1,0,4,0,0,77.104,11
136,0,0.64938,3,1,0,3,4,0.81183,1,1,4,0,0,77.916,12
137,0.57523,0.33239,1,1,2,3,4,0.80593,1,2,4,0,0,78.722,13
138,0.51874,0.42215,1,1,2,3,4,0.80533,1,3,4,0,0,79.527,14
139,0,0.58598,3,1,0,3,4,0.7487,1,4,4,0,0,80.276,15
140,0.74842,0.33928,1,1,2,3,4,0.78268,1,5,4,0,0,81.058,16
141,0.64089,0.33604,1,1,2,3,4,0.60306,1,6,4,0,0,81.661,17
142,0,0.56597,3,1,0,3,4,0.63852,1,7,4,0,0,82.3,18
143,0.66415,0.41445,1,1,2,3,4,0.92037,1,8,4,0,0,83.22,19
144,0.71171,0.37488,1,1,2,3,4,0.81429,1,9,4,0,0,84.035,20
145,0,0.63558,2,1,0,2,4,0.97431,0,0,4,0,0,85.009,21
146,0.60158,0.30786,1,1,1,2,4,0.94565,0,1,4,0,0,85.955,22
147,0.54732,0.50751,1,1,1,2,4,0.98022,0,2,4,0,0,86.935,23
148,0.61619,0.38012,1,1,1,2,4,0.8495,0,3,4,0,0,87.784,24
149,0.57245,0.50302,1,1,1,2,4,0.64452,0,4,4,0,0,88.429,25
150,0,0.55836,2,1,0,2,4,0.83565,0,5,4,0,0,89.264,26
151,0,0.37658,2,1,0,2,4,0.91641,0,6,4,0,0,90.181,27
152,0,0.49782,3,1,0,3,4,0.83461,1,0,4,0,0,91.015,28
153,0,0.54744,3,1,0,3,4,0.98674,1,1,4,0,0,92.002,29
154,0.70731,0.38545,1,1,2,3,4,0.96107,1,2,4,0,0,92.963,30
155,0.60946,0.40751,1,1,2,3,4,0.95868,1,3,4,0,0,93.922,31
156,0,0.71646,2,1,0,2,5,0.017955,1,4,4,0,0,93.94,32
157,0,0.47685,3,1,0,3,4,0.68183,1,5,4,0,0,94.622,33
158,0.62077,0.44034,1,1,2,3,4,0.90313,1,6,4,0,0,95.525,34
159,0,0.70651,2,1,0,2,5,0.11692,1,7,4,0,0,95.642,35
160,0.43779,0.38842,1,1,2,3,5,0.026831,0,0,4,0,0,95.669,36
161,0,0,1,1,0,0,0,0,0,1,4,1,0,95.669,37
162,0.47505,0.30886,1,1,1,2,4,0.90167,0,1,4,0,0,96.57,38
163,0,0.59902,3,1,0,3,5,0.16268,0,2,4,0,0,96.733,39
164,0,0.57865,2,1,0,2,4,0.9772,0,3,4,0,0,97.71,40
165,0.48832,0.28948,1,1,1,2,4,0.018832,0,4,5,0,0,97.729,0
166,0,0.58049,2,1,0,2,4,0.099576,0,5,5,0,0,97.829,1
167,0.67286,0.55007,1,1,2,3,5,0.96885,0,6,5,0,0,98.797,2
168,0,0,1,1,0,0,0,0,0,7,5,1,0,98.797,3
169,0,0.53536,3,1,0,3,5,0.794,0,7,5,0,0,99.591,4
170,0,0,1,1,0,0,0,0,1,0,5,1,0,99.591,5
171,0,0.52828,3,1,0,3,4,0.042103,1,0,5,0,0,99.634,6
172,0.49928,0.27273,1,1,2,3,4,0.21347,1,1,5,0,0,99.847,7
173,0,0.5913,3,1,0,3,4,0.10372,1,2,5,0,0,99.951,8
174,0,0.71656,2,1,0,2,5,0.92874,1,3,5,0,0,100.88,9
175,0,0.46696,2,1,0,2,5,0.90437,1,4,5,0,0,101.78,10
176,0,0.42459,2,1,0,2,5,0.89679,1,5,5,0,0,102.68,11
177,0,0,1,1,0,0,0,0,1,6,5,1,0,102.68,12
178,0,0.65629,3,1,0,3,4,0.086294,1,6,5,0,0,102.77,13
179,0.44849,0.31348,1,1,1,2,5,0.95282,1,7,5,0,0,103.72,14
180,0.46928,0.39068,1,1,1,2,4,0.05576,0,0,5,0,0,103.78,15
181,0,0.72267,2,1,0,2,4,0.17584,0,1,5,0,0,103.95,16
182,0.54802,0.31344,1,1,1,2,4,0.30979,0,2,5,0,0,104.26,17
183,0,0.63871,3,1,0,3,5,0.79949,0,3,5,0,0,105.06,18
184,0,0.62877,2,1,0,2,4,0.046931,0,4,5,0,0,105.11,19
185,0,0,2,1,0,2,0,0,0,5,5,1,0,105.11,20
186,0.5556,0.31604,1,1,2,3,5,0.89226,0,5,5,0,0,106,21
187,0.52405,0.33625,1,1,2,3,5,0.8953,0,6,5,0,0,106.9,22
188,0,0.51674,3,1,0,3,5,0.65222,0,7,5,0,0,107.55,23
189,0.64163,0,1,1,2,3,0,0,0,8,5,0,1,107.55,24
190,0,0.61236,2,1,0,2,4,0.11402,0,8,5,0,0,107.66,25
191,0.57492,0.32497,1,1,2,3,5,0.64232,0,9,5,0,0,108.3,26
192,0.41117,0.32109,1,1,2,3,4,0.5449,1,0,5,0,0,108.85,27
193,0.6052,0.25261,1,1,2,3,4,0.41229,1,1,5,0,0,109.26,28
194,0,0,2,1,0,2,0,0,1,2,5,1,0,109.26,29
195,0,0.62401,3,1,0,3,4,0.065509,1,2,5,0,0,109.33,30
196,0.49163,0.30142,1,1,1,2,5,0.98305,1,3,5,0,0,110.31,31
197,0.47224,0.34592,1,1,1,2,5,0.83643,1,4,5,0,0,111.15,32
198,0,0.62497,3,1,0,3,4,0.034867,1,5,5,0,0,111.18,33
199,0.42251,0.29899,1,1,1,2,5,0.89152,1,6,5,0,0,112.07,34
200,0,0.63232,2,1,0,2,5,0.92213,1,7,5,0,0,112.99,35
201,0,0,3,1,0,3,0,0,1,8,5,1,0,112.99,36
202,0.52536,0.30677,1,1,2,3,4,0.30993,1,8,5,0,0,113.3,37
203,0.42384,0.33082,1,1,1,2,4,0.087342,0,0,5,0,0,113.39,38
204,0,0.69195,2,1,0,2,4,0.087862,0,1,5,0,0,113.48,39
205,0,0,1,1,0,0,0,0,0,2,5,1,0,113.48,40
206,0,0.59106,3,1,0,3,5,0.085757,0,2,4,0,0,113.57,0
207,0,0.57105,3,1,0,3,5,0.082831,0,3,4,0,0,113.65,1
208,0.74336,0.33396,1,1,2,3,5,0.20414,0,4,4,0,0,113.85,2
209,0.42388,0.29291,1,1,1,2,4,0.7802,0,5,4,0,0,114.63,3
210,0.38264,0.32133,1,1,1,2,5,0.56094,1,0,4,0,0,115.19,4
211,0,0.56238,3,1,0,3,4,0.57085,1,1,4,0,0,115.76,5
212,0.3876,0.37323,1,1,2,3,4,0.71591,1,2,4,0,0,116.48,6
213,0,0.62563,3,1,0,3,4,0.9059,1,3,4,0,0,117.39,7
214,0.44608,0.25568,1,1,2,3,4,0.84824,1,4,4,0,0,118.23,8
215,0,0.58561,2,1,0,2,4,0.55481,0,0,4,0,0,118.79,9
216,0,0.6652,2,1,0,2,4,0.7263,0,1,4,0,0,119.52,10
217,0.45949,0.42086,1,1,1,2,4,0.96408,0,2,4,0,0,120.48,11
218,0.69223,0.3318,1,1,1,2,5,0.03866,1,0,4,0,0,120.52,12
219,0.62534,0.31078,1,1,1,2,5,0.22049,1,1,4,0,0,120.74,13
220,0.58357,0.34354,1,1,2,3,4,0.86746,1,2,4,0,0,121.61,14
221,0.46176,0.34634,1,1,2,3,4,0.89347,1,3,4,0,0,122.5,15
222,0,0.60606,3,1,0,3,4,0.83856,1,4,4,0,0,123.34,16
223,0.53521,0.28406,1,1,2,3,5,0.00335,0,0,4,0,0,123.34,17
224,0.40836,0.30171,1,1,1,2,4,0.9739,0,1,4,0,0,124.32,18
225,0,0.69862,3,1,0,3,5,0.090272,0,2,4,0,0,124.41,19
226,0,0.70769,2,1,0,2,4,0.98868,0,3,4,0,0,125.39,20
227,0,0.59523,2,1,0,2,4,0.91097,0,4,4,0,0,126.31,21
228,0.39981,0.29419,1,1,1,2,5,0.021639,1,0,4,0,0,126.33,22
229,0,0.58291,3,1,0,3,4,0.96826,1,1,4,0,0,127.3,23
230,0,0.51723,3,1,0,3,4,0.82092,1,2,4,0,0,128.12,24
231,0.48878,0.26305,1,1,2,3,4,0.8672,1,3,4,0,0,128.98,25
232,0.4032,0.32838,1,1,2,3,4,0.87855,1,4,4,0,0,129.86,26
233,0.4619,0.33485,1,1,2,3,4,0.88258,1,5,4,0,0,130.74,27
234,0,0,3,1,0,3,0,0,0,0,4,1,0,130.74,28
235,0.49687,0.28547,1,1,2,3,5,0.22361,0,0,4,0,0,130.97,29
236,0,0.60075,3,1,0,3,5,0.26771,0,1,4,0,0,131.24,30
237,0,0.52582,3,1,0,3,5,0.20841,0,2,4,0,0,131.44,31
238,0,0.57127,2,1,0,2,4,0.68105,0,3,4,0,0,132.13,32
239,0,0.43548,3,1,0,3,5,0.16576,0,4,4,0,0,132.29,33
240,0,0.53904,3,1,0,3,4,0.93437,1,0,4,0,0,133.23,34
241,0.70391,0.31107,1,1,2,3,4,0.8976,1,1,4,0,0,134.12,35
242,0,0.60532,3,1,0,3,4,0.86275,1,2,4,0,0,134.99,36
243,0.44561,0.33229,1,1,2,3,5,0.0667,0,0,4,0,0,135.05,37
244,0,0.59367,3,1,0,3,5,0.2978,0,1,4,0,0,135.35,38
245,0,0.70866,2,1,0,2,4,0.63685,0,2,4,0,0,135.99,39
246,0,0.51603,3,1,0,3,5,0.27194,0,3,4,0,0,136.26,40
247,0,0,2,1,0,2,0,0,1,0,5,1,0,136.26,0
248,0,0.64026,3,1,0,3,4,0.23995,1,0,5,0,0,136.5,1
249,0,0,1,1,0,0,0,0,1,1,5,1,0,136.5,2
250,0,0.60176,3,1,0,3,4,0.13725,1,1,5,0,0,136.64,3
251,0.49167,0.56183,1,1,2,3,4,0.049742,1,2,5,0,0,136.69,4
252,0,0.51303,3,1,0,3,4,0.081655,1,3,5,0,0,136.77,5
253,0.58378,0.27371,1,1,1,2,5,0.94392,1,4,5,0,0,137.71,6
254,0.50951,0.33028,1,1,1,2,5,0.97398,1,5,5,0,0,138.69,7
255,0,0.63972,2,1,0,2,4,0.027211,0,0,5,0,0,138.71,8
256,0,0.63622,2,1,0,2,4,0.17638,0,1,5,0,0,138.89,9
257,0.50496,0.29403,1,1,2,3,5,0.64439,0,2,5,0,0,139.53,10
258,0.42674,0.30111,1,1,2,3,4,0.16703,1,0,5,0,0,139.7,11
259,0,0.53964,2,1,0,2,5,0.72501,1,1,5,0,0,140.43,12
260,0.56231,0.14993,1,1,1,2,5,0.79505,1,2,5,0,0,141.22,13
261,0,0.54797,2,1,0,2,5,0.74313,1,3,5,0,0,141.96,14
262,0.45775,0.35283,1,1,1,2,5,0.95819,1,4,5,0,0,142.92,15
263,0,0.58216,3,1,0,3,4,0.15762,1,5,5,0,0,143.08,16
264,0,0.46607,3,1,0,3,5,0.97488,0,0,5,0,0,144.05,17
265,0,0.48878,3,1,0,3,5,0.97625,0,1,5,0,0,145.03,18
266,0,0.46449,3,1,0,3,5,0.90926,0,2,5,0,0,145.94,19
267,0.45292,0.31162,1,1,2,3,5,0.80057,0,3,5,0,0,146.74,20
268,0.48379,0.34131,1,1,2,3,5,0.99722,0,4,5,0,0,147.74,21
269,0,0.56903,2,1,0,2,5,0.79414,1,0,5,0,0,148.53,22
270,0,0.4029,2,1,0,2,5,0.75143,1,1,5,0,0,149.28,23
271,0,0.64066,3,1,0,3,4,0.2277,1,2,5,0,0,149.51,24
272,0.61659,0,1,1,1,2,0,0,0,0,5,0,1,149.51,25
273,0.50115,0.31301,1,1,1,2,4,0.10986,0,0,5,0,0,149.62,26
274,0.71294,0.2991,1,1,2,3,5,0.84989,0,1,5,0,0,150.47,27
275,0,0.5964,3,1,0,3,5,0.97395,0,2,5,0,0,151.44,28
276,0,0,2,1,0,2,0,0,0,3,5,0,1,151.44,29
277,0.58635,0.27096,1,1,2,3,5,0.77893,0,3,5,0,0,152.22,30
278,0.45374,0.29926,1,1,2,3,5,0.49912,0,4,5,0,0,152.72,31
279,0,0.53724,2,1,0,2,5,0.32207,1,0,5,0,0,153.04,32
280,0.69784,0.24335,1,1,2,3,4,0.28313,1,1,5,0,0,153.33,33
281,0,0,1,1,0,0,0,0,1,2,5,1,0,153.33,34
282,0.46828,0.56802,1,1,1,2,5,0.99613,1,2,5,0,0,154.32,35
283,0.40201,0.34805,1,1,1,2,5,0.97252,1,3,5,0,0,155.3,36
284,0.47158,0.36442,1,1,1,2,5,0.99677,1,4,5,0,0,156.29,37
285,0.4577,0.50352,1,1,1,2,5,0.97545,1,5,5,0,0,157.27,38
286,0.39572,0.42934,1,1,1,2,4,0.070408,0,0,5,0,0,157.34,39
287,0,0.53392,3,1,0,3,5,0.8529,0,1,5,0,0,158.19,40
288,0,0,2,1,0,2,0,0,0,2,4,0,1,158.19,0
289,0,0.49623,2,1,0,2,4,0.66731,0,2,4,0,0,158.86,1
290,0,0.39745,2,1,0,2,4,0.80802,0,3,4,0,0,159.67,2
291,0.54422,0.3134,1,1,1,2,4,0.76466,0,4,4,0,0,160.43,3
292,0.44724,0.34451,1,1,1,2,4,0.82041,0,5,4,0,0,161.25,4
293,0.50564,0.31612,1,1,1,2,5,0.1851,1,0,4,0,0,161.44,5
294,0,0.57464,2,1,0,2,5,0.37185,1,1,4,0,0,161.81,6
295,0.57047,0.31394,1,1,2,3,4,0.81355,1,2,4,0,0,162.62,7
296,0,0.55271,3,1,0,3,4,0.93866,1,3,4,0,0,163.56,8
297,0.58338,0.2785,1,1,2,3,5,0.04591,0,0,4,0,0,163.61,9
298,0,0.47252,3,1,0,3,5,0.003313,0,1,4,0,0,163.61,10
299,0,0.54321,2,1,0,2,4,0.93866,0,2,4,0,0,164.55,11
300,0,0.46582,2,1,0,2,5,0.042744,1,0,4,0,0,164.59,12
301,0,0.63839,2,1,0,2,5,0.068042,1,1,4,0,0,164.66,13
302,0,0.52837,2,1,0,2,5,0.16153,1,2,4,0,0,164.82,14
303,0,0.66044,3,1,0,3,4,0.6655,1,3,4,0,0,165.49,15
304,0,0.48784,2,1,0,2,5,0.34829,1,4,4,0,0,165.84,16
305,0.45523,0.29861,1,1,2,3,4,0.90848,1,5,4,0,0,166.74,17
306,0.40488,0.39767,1,1,2,3,5,0.24687,0,0,4,0,0,166.99,18
307,0,0.53319,2,1,0,2,4,0.97166,0,1,4,0,0,167.96,19
308,0.52319,0.32155,1,1,1,2,4,0.9178,0,2,4,0,0,168.88,20
309,0,0.62433,3,1,0,3,5,0.23641,0,3,4,0,0,169.12,21
310,0.54901,0.39321,1,1,1,2,5,0.090196,1,0,4,0,0,169.21,22
311,0.43883,0.27897,1,1,2,3,4,0.91557,1,1,4,0,0,170.12,23
312,0,0.52067,2,1,0,2,5,0.17695,1,2,4,0,0,170.3,24
313,0,0.468,2,1,0,2,5,0.1417,1,3,4,0,0,170.44,25
314,0,0.53551,3,1,0,3,4,0.88728,1,4,4,0,0,171.33,26
315,0.68181,0.25863,1,1,2,3,5,0.035282,0,0,4,0,0,171.36,27
316,0.4836,0.30752,1,1,1,2,4,0.9399,0,1,4,0,0,172.3,28
317,0,0.603,2,1,0,2,4,0.99984,0,2,4,0,0,173.3,29
318,0.60867,0.30023,1,1,1,2,4,0.91027,0,3,4,0,0,174.21,30
319,0.56465,0.38799,1,1,1,2,4,0.94739,0,4,4,0,0,175.16,31
320,0.47062,0.37459,1,1,1,2,4,0.99828,0,5,4,0,0,176.16,32
321,0.40995,0.2919,1,1,1,2,5,0.34037,1,0,4,0,0,176.5,33
322,0,0.63172,2,1,0,2,5,0.27583,1,1,4,0,0,176.78,34
323,0.52146,0.23589,1,1,2,3,4,0.93598,1,2,4,0,0,177.71,35
324,0,0.67439,2,1,0,2,4,0.79346,0,0,4,0,0,178.51,36
325,0.55264,0.25614,1,1,1,2,4,0.81635,0,1,4,0,0,179.32,37
326,0,0.51269,3,1,0,3,5,0.11075,0,2,4,0,0,179.43,38
327,0,0.51451,3,1,0,3,4,0.8508,1,0,4,0,0,180.28,39
328,0.52413,0.32344,1,1,2,3,4,0.86604,1,1,4,0,0,181.15,40
329,0.48947,0.35667,1,1,2,3,4,0.36881,1,2,5,0,0,181.52,0
330,0.47829,0.19479,1,1,1,2,5,0.75871,1,3,5,0,0,182.28,1
331,0.47802,0.32073,1,1,1,2,5,0.80501,1,4,5,0,0,183.08,2
332,0.40948,0.36077,1,1,1,2,5,0.96649,1,5,5,0,0,184.05,3
333,0,0.6671,2,1,0,2,4,0.13112,0,0,5,0,0,184.18,4
334,0,0,3,1,0,3,0,0,0,1,5,1,0,184.18,5
335,0.56984,0.2973,1,1,2,3,5,0.95652,0,1,5,0,0,185.14,6
336,0,0.59535,2,1,0,2,4,0.22828,0,2,5,0,0,185.36,7
337,0,0.49528,3,1,0,3,5,0.78419,0,3,5,0,0,186.15,8
338,0.47051,0.30109,1,1,2,3,4,0.27124,1,0,5,0,0,186.42,9
339,0,0.53058,2,1,0,2,5,0.78024,1,1,5,0,0,187.2,10
340,0.49853,0.30257,1,1,1,2,5,0.99961,1,2,5,0,0,188.2,11
341,0,0.54768,3,1,0,3,5,0.82894,0,0,5,0,0,189.03,12
342,0,0.47243,3,1,0,3,5,0.50653,0,1,5,0,0,189.53,13
343,0.59972,0.3035,1,1,2,3,5,0.51619,0,2,5,0,0,190.05,14
344,0,0.59633,3,1,0,3,5,0.99657,0,3,5,0,0,191.05,15
345,0.49255,0.33744,1,1,2,3,5,0.72847,0,4,5,0,0,191.78,16
346,0,0.58347,2,1,0,2,5,0.84366,1,0,5,0,0,192.62,17
347,0.43861,0.26853,1,1,1,2,5,0.9975,1,1,5,0,0,193.62,18
348,0,0.4946,2,1,0,2,5,0.97549,1,2,5,0,0,194.59,19
349,0.41322,0.23905,1,1,1,2,4,0.088999,0,0,5,0,0,194.68,20
350,0,0.60712,2,1,0,2,4,0.18068,0,1,5,0,0,194.86,21
351,0.63553,0.30614,1,1,2,3,5,0.95624,0,2,5,0,0,195.82,22
352,0.44843,0.37139,1,1,2,3,5,0.87641,0,3,5,0,0,196.69,23
353,0,0,3,1,0,3,0,0,0,4,5,0,1,196.69,24
354,0,0.4264,3,1,0,3,5,0.63696,0,4,5,0,0,197.33,25
355,0.42799,0.29012,1,1,2,3,5,0.51882,0,5,5,0,0,197.85,26
356,0,0,3,1,0,3,0,0,1,0,5,1,0,197.85,27
357,0.61716,0.29965,1,1,2,3,4,0.13567,1,0,5,0,0,197.99,28
358,0,0.57216,3,1,0,3,4,0.025029,1,1,5,0,0,198.01,29
359,0.37166,0.26315,1,1,1,2,5,0.73022,1,2,5,0,0,198.74,30
360,0.42401,0.29431,1,1,1,2,5,0.80185,1,3,5,0,0,199.54,31
361,0.63245,0,1,1,2,3,0,0,1,4,5,0,1,199.54,32
362,0,0,1,1,0,0,0,0,1,4,5,1,0,199.54,33
363,0.43831,0.35243,1,1,1,2,5,0.84838,1,4,5,0,0,200.39,34
364,0,0.55206,3,1,0,3,4,0.33256,1,5,5,0,0,200.72,35
365,0.44228,0.30894,1,1,1,2,4,0.60414,0,0,5,0,0,201.33,36
366,0,0.64958,3,1,0,3,5,0.4359,0,1,5,0,0,201.76,37
367,0.41686,0.30466,1,1,1,2,4,0.39525,0,2,5,0,0,202.16,38
368,0.4282,0.30787,1,1,1,2,4,0.2529,0,3,5,0,0,202.41,39
369,0.46907,0.31683,1,1,2,3,5,0.9082,0,4,5,0,0,203.32,40
370,0,0.56277,2,1,0,2,4,0.93542,0,5,4,0,0,204.26,0
371,0.45893,0.19253,1,1,1,2,4,0.84408,0,6,4,0,0,205.1,1
372,0.43993,0.54502,1,1,1,2,5,0.084473,1,0,4,0,0,205.18,2
373,0,0.5842,3,1,0,3,4,0.94112,1,1,4,0,0,206.13,3
374,0.49119,0.32562,1,1,2,3,4,0.85302,1,2,4,0,0,206.98,4
375,0.42512,0.32605,1,1,2,3,4,0.62733,1,3,4,0,0,207.61,5
376,0.42382,0.30928,1,1,2,3,4,0.69253,1,4,4,0,0,208.3,6
377,0,0,1,1,0,0,0,0,1,5,4,1,0,208.3,7
378,0,0.72529,2,1,0,2,5,0.029686,1,5,4,0,0,208.33,8
379,0,0.55412,3,1,0,3,5,0.018122,0,0,4,0,0,208.35,9
380,0.38359,0.31933,1,1,1,2,4,0.98035,0,1,4,0,0,209.33,10
381,0,0.5745,2,1,0,2,4,0.90748,0,2,4,0,0,210.23,11
382,0.47931,0.28826,1,1,1,2,4,0.7163,0,3,4,0,0,210.95,12
383,0,0.48955,2,1,0,2,4,0.99854,0,4,4,0,0,211.95,13
384,0,0.51212,2,1,0,2,4,0.80261,0,5,4,0,0,212.75,14
385,0,0,3,1,0,3,0,0,1,0,4,0,1,212.75,15
386,0.53763,0.15077,1,1,1,2,5,0.33702,1,0,4,0,0,213.09,16
387,0.60107,0.34397,1,1,2,3,4,0.51397,1,1,4,0,0,213.6,17
388,0,0,3,1,0,3,0,0,1,2,4,1,0,213.6,18
389,0.4576,0.34476,1,1,2,3,4,0.982,1,2,4,0,0,214.58,19
390,0,0.66551,2,1,0,2,5,0.15289,1,3,4,0,0,214.74,20
391,0.55653,0.30107,1,1,2,3,5,0.27887,0,0,4,0,0,215.02,21
392,0.57571,0.26812,1,1,1,2,4,0.47083,0,1,4,0,0,215.49,22
393,0.44738,0.37886,1,1,1,2,4,0.78792,0,2,4,0,0,216.28,23
394,0.44313,0.39066,1,1,1,2,4,0.86936,0,3,4,0,0,217.14,24
395,0,0.57507,2,1,0,2,5,0.076231,1,0,4,0,0,217.22,25
396,0.46875,0.30348,1,1,2,3,4,0.89595,1,1,4,0,0,218.12,26
397,0,0.61432,2,1,0,2,5,0.12796,1,2,4,0,0,218.24,27
398,0,0.63027,2,1,0,2,5,0.13689,1,3,4,0,0,218.38,28
399,0,0.74496,2,1,0,2,5,0.010011,1,4,4,0,0,218.39,29
400,0,0.60759,3,1,0,3,4,0.87364,1,5,4,0,0,219.27,30
401,0,0.72846,2,1,0,2,4,0.55507,0,0,4,0,0,219.82,31
402,0.5161,0.24993,1,1,1,2,4,0.51976,0,1,4,0,0,220.34,32
403,0.51179,0.24795,1,1,2,3,5,0.10433,0,2,4,0,0,220.44,33
404,0.37141,0.2604,1,1,1,2,4,0.93585,0,3,4,0,0,221.38,34
405,0.44358,0.28042,1,1,1,2,5,0.3547,1,0,4,0,0,221.74,35
406,0,0.69988,3,1,0,3,4,0.78752,1,1,4,0,0,222.52,36
407,0,0.47829,3,1,0,3,4,0.78605,1,2,4,0,0,223.31,37
408,0.47977,0.30599,1,1,2,3,4,0.79606,1,3,4,0,0,224.1,38
409,0,0.51842,3,1,0,3,4,0.74214,1,4,4,0,0,224.85,39
410,0,0.70356,2,1,0,2,5,0.097238,1,5,4,0,0,224.94,40
411,0.47183,0.33841,1,1,2,3,4,0.26487,1,6,5,0,0,225.21,0
412,0.44507,0.30676,1,1,2,3,4,0.33815,1,7,5,0,0,225.55,1
413,0.39427,0.08586,1,1,1,2,5,0.93522,1,8,5,0,0,226.48,2
414,0,0.57376,3,1,0,3,4,0.20835,1,9,5,0,0,226.69,3
415,0.59044,0.26811,1,1,1,2,5,0.96563,1,10,5,0,0,227.66,4
416,0.48506,0.32178,1,1,1,2,5,0.88058,1,11,5,0,0,228.54,5
417,0,0.62444,2,1,0,2,5,0.83094,1,12,5,0,0,229.37,6
418,0,0.623,3,1,0,3,5,0.6302,0,0,5,0,0,230,7
419,0.51358,0.18759,1,1,2,3,5,0.8695,0,1,5,0,0,230.87,8
420,0,0.56602,3,1,0,3,5,0.66125,0,2,5,0,0,231.53,9
421,0.59836,0.25651,1,1,2,3,5,0.78521,0,3,5,0,0,232.31,10
422,0.4332,0.44715,1,1,2,3,5,0.70017,0,4,5,0,0,233.01,11
423,0.4089,0.29151,1,1,2,3,5,0.86816,0,5,5,0,0,233.88,12
424,0,0.71247,2,1,0,2,4,0.066275,0,6,5,0,0,233.95,13
425,0,0.54995,3,1,0,3,5,0.75354,0,7,5,0,0,234.7,14
426,0.46306,0.29667,1,1,2,3,5,0.77985,0,8,5,0,0,235.48,15
427,0.42039,0.31141,1,1,2,3,5,0.66099,0,9,5,0,0,236.14,16
428,0,0.53089,3,1,0,3,5,0.56403,0,10,5,0,0,236.71,17
429,0.48888,0.39637,1,1,1,2,4,0.51665,0,11,5,0,0,237.22,18
430,0,0.54601,2,1,0,2,4,0.38852,0,12,5,0,0,237.61,19
431,0.59049,0.22282,1,1,2,3,4,0.34336,1,0,5,0,0,237.96,20
432,0,0.75208,2,1,0,2,5,0.79242,1,1,5,0,0,238.75,21
433,0,0.64808,2,1,0,2,5,0.98076,1,2,5,0,0,239.73,22
434,0,0.6502,3,1,0,3,4,0.10207,1,3,5,0,0,239.83,23
435,0,0.569,3,1,0,3,4,0.18197,1,4,5,0,0,240.01,24
436,0,0.72183,2,1,0,2,5,0.88397,1,5,5,0,0,240.9,25
437,0.51872,0.34299,1,1,1,2,5,0.74127,1,6,5,0,0,241.64,26
438,0,0.59209,3,1,0,3,4,0.26396,1,7,5,0,0,241.9,27
439,0,0.56097,3,1,0,3,4,0.35059,1,8,5,0,0,242.25,28
440,0,0.50115,3,1,0,3,4,0.22283,1,9,5,0,0,242.48,29
441,0,0.6579,2,1,0,2,5,0.79582,1,10,5,0,0,243.27,30
442,0.58555,0.32932,1,1,1,2,4,0.2334,0,0,5,0,0,243.5,31
443,0,0,1,1,0,0,0,0,0,1,5,1,0,243.5,32
444,0.43208,0.6001,1,1,1,2,4,0.32316,0,1,5,0,0,243.83,33
445,0,0.62608,3,1,0,3,5,0.38626,0,2,5,0,0,244.21,34
446,0,0.64941,2,1,0,2,4,0.39924,0,3,5,0,0,244.61,35
447,0.73788,0.19516,1,1,2,3,5,0.83496,0,4,5,0,0,245.45,36
448,0.50103,0.28861,1,1,2,3,5,0.82082,0,5,5,0,0,246.27,37
449,0,0.63029,3,1,0,3,5,0.77753,0,6,5,0,0,247.05,38
450,0,0.57413,2,1,0,2,4,0.27972,0,7,5,0,0,247.33,39
451,0.51965,0.20954,1,1,2,3,5,0.86464,0,8,5,0,0,248.19,40
452,0.45017,0.33082,1,1,2,3,5,0.54932,0,9,4,0,0,248.74,0
453,0.5006,0.31346,1,1,2,3,5,0.81553,0,10,4,0,0,249.56,1
454,0,0.55547,3,1,0,3,4,0.32552,1,0,4,0,0,249.88,2
455,0,0.53197,3,1,0,3,4,0.69911,1,1,4,0,0,250.58,3
456,0,0.63853,2,1,0,2,5,0.48079,1,2,4,0,0,251.06,4
457,0,0.45758,3,1,0,3,4,0.80495,1,3,4,0,0,251.87,5
458,0,0.592,3,1,0,3,4,0.83725,1,4,4,0,0,252.7,6
459,0.51706,0.29877,1,1,2,3,4,0.98247,1,5,4,0,0,253.69,7
460,0.46291,0.34536,1,1,2,3,4,0.85235,1,6,4,0,0,254.54,8
461,0.42752,0.32909,1,1,2,3,4,0.95208,1,7,4,0,0,255.49,9
462,0,0.63827,2,1,0,2,5,0.23661,1,8,4,0,0,255.73,10
463,0.46168,0.18463,1,1,2,3,4,0.79659,1,9,4,0,0,256.52,11
464,0.52743,0.28111,1,1,2,3,4,0.99348,1,10,4,0,0,257.52,12
465,0,0.6851,2,1,0,2,4,0.81265,0,0,4,0,0,258.33,13
466,0,0.67531,3,1,0,3,5,0.010183,0,1,4,0,0,258.34,14
467,0.41239,0.22179,1,1,1,2,4,0.81868,0,2,4,0,0,259.16,15
468,0.51704,0.33017,1,1,1,2,4,0.74621,0,3,4,0,0,259.9,16
469,0,0.53951,3,1,0,3,5,0.2482,0,4,4,0,0,260.15,17
470,0,0.52266,3,1,0,3,5,0.44864,0,5,4,0,0,260.6,18
471,0.57474,0.19808,1,1,1,2,4,0.70208,0,6,4,0,0,261.3,19
472,0,0.65116,3,1,0,3,5,0.24371,0,7,4,0,0,261.55,20
473,0,0.54855,3,1,0,3,5,0.19753,0,8,4,0,0,261.74,21
474,0,0.51608,3,1,0,3,5,0.10646,0,9,4,0,0,261.85,22
475,0,0.65819,2,1,0,2,4,0.94701,0,10,4,0,0,262.8,23
476,0.57685,0.20185,1,1,1,2,4,0.82412,0,11,4,0,0,263.62,24
477,0,0.51927,3,1,0,3,5,0.06718,0,12,4,0,0,263.69,25
478,0,0.64956,2,1,0,2,5,0.046943,1,0,4,0,0,263.74,26
479,0,0.51702,3,1,0,3,4,0.8869,1,1,4,0,0,264.62,27
480,0.50018,0.22418,1,1,2,3,4,0.59164,1,2,4,0,0,265.22,28
481,0.72713,0.49032,1,1,1,2,5,0.64758,1,3,4,0,0,265.86,29
482,0,0,3,1,0,3,0,0,1,4,4,1,0,265.86,30
483,0.41118,0.19088,1,1,2,3,4,0.65163,1,4,4,0,0,266.51,31
484,0.42887,0.37231,1,1,2,3,4,0.99842,1,5,4,0,0,267.51,32
485,0,0.68736,2,1,0,2,5,0.10186,1,6,4,0,0,267.61,33
486,0,0.52105,3,1,0,3,4,0.89946,1,7,4,0,0,268.51,34
487,0.47439,0.29458,1,1,2,3,4,0.87413,1,8,4,0,0,269.39,35
488,0,0.58592,3,1,0,3,4,0.93108,1,9,4,0,0,270.32,36
489,0,0.53439,3,1,0,3,4,0.95069,1,10,4,0,0,271.27,37
490,0,0.49404,3,1,0,3,4,0.8072,1,11,4,0,0,272.08,38
491,0,0.61126,2,1,0,2,4,0.81894,0,0,4,0,0,272.9,39
492,0,0.58896,3,1,0,3,5,0.20466,0,1,4,0,0,273.1,40
493,0,0.5392,2,1,0,2,4,0.15716,0,2,5,0,0,273.26,0
494,0,0.52245,3,1,0,3,5,0.83642,0,3,5,0,0,274.09,1
495,0,0.5313,3,1,0,3,5,0.93629,0,4,5,0,0,275.03,2
496,0,0.45108,3,1,0,3,5,0.97776,0,5,5,0,0,276.01,3
497,0.60248,0.30118,1,1,2,3,5,0.89514,0,6,5,0,0,276.9,4
498,0.51522,0.30358,1,1,2,3,5,0.99044,0,7,5,0,0,277.89,5
499,0.49669,0.27971,1,1,2,3,5,0.78555,0,8,5,0,0,278.68,6
500,0,0.60253,2,1,0,2,4,0.06469,0,9,5,0,0,278.74,7
501,0,0.57293,3,1,0,3,5,0.99871,0,10,5,0,0,279.74,8
502,0.53974,0.37767,1,1,2,3,4,0.19224,1,0,5,0,0,279.94,9
503,0.48185,0.17626,1,1,1,2,5,0.74032,1,1,5,0,0,280.68,10
504,0.39267,0.24403,1,1,1,2,5,0.59487,1,2,5,0,0,281.27,11
505,0.42073,0.25424,1,1,1,2,5,0.66782,1,3,5,0,0,281.94,12
506,0.43899,0.25528,1,1,1,2,5,0.95398,1,4,5,0,0,282.89,13
507,0,0,2,1,0,2,0,0,1,5,5,1,0,282.89,14
508,0.56949,0.19854,1,1,1,2,5,0.90226,1,5,5,0,0,283.79,15
509,0.42746,0.34338,1,1,1,2,5,0.90249,1,6,5,0,0,284.7,16
510,0,0.64563,3,1,0,3,4,0.15432,1,7,5,0,0,284.85,17
511,0,0.55275,3,1,0,3,4,0.17383,1,8,5,0,0,285.03,18
512,0,0.49319,3,1,0,3,4,0.20134,1,9,5,0,0,285.23,19
513,0,0.46049,3,1,0,3,4,0.027089,1,10,5,0,0,285.25,20
514,0,0,2,1,0,2,0,0,1,11,5,0,1,285.25,21
515,0,0.38609,2,1,0,2,5,0.79873,1,11,5,0,0,286.05,22
516,0,0.44758,2,1,0,2,5,0.80488,1,12,5,0,0,286.86,23
517,0.5269,0.25248,1,1,1,2,5,0.9002,1,13,5,0,0,287.76,24
518,0.70559,0.27022,1,1,1,2,4,0.13709,0,0,5,0,0,287.89,25
519,0.45851,0.3329,1,1,1,2,4,0.001997,0,1,5,0,0,287.9,26
520,0.46385,0.38239,1,1,1,2,4,0.13176,0,2,5,0,0,288.03,27
521,0,0.58249,3,1,0,3,5,0.90504,0,3,5,0,0,288.93,28
522,0,0.62513,2,1,0,2,4,0.022823,0,4,5,0,0,288.96,29
523,0,0.65332,2,1,0,2,4,0.12716,0,5,5,0,0,289.08,30
524,0,0.64664,2,1,0,2,4,0.28792,0,6,5,0,0,289.37,31
525,0,0.4679,2,1,0,2,4,0.20877,0,7,5,0,0,289.58,32
526,0,0.50656,3,1,0,3,5,0.92093,0,8,5,0,0,290.5,33
527,0.54821,0.26027,1,1,2,3,5,0.99749,0,9,5,0,0,291.5,34
528,0.39325,0.25915,1,1,2,3,5,0.67473,0,10,5,0,0,292.17,35
529,0,0.7404,2,1,0,2,4,0.029296,0,11,5,0,0,292.2,36
530,0.53479,0.30241,1,1,2,3,5,0.8409,0,12,5,0,0,293.04,37
531,0.49713,0.33518,1,1,2,3,4,0.077934,1,0,5,0,0,293.12,38
532,0,0.55562,2,1,0,2,5,0.87605,1,1,5,0,0,294,39
533,0,0.59784,2,1,0,2,5,0.92823,1,2,5,0,0,294.93,40
534,0,0.61497,3,1,0,3,4,0.93926,1,3,4,0,0,295.86,0
535,0,0.53817,2,1,0,2,5,0.24054,1,4,4,0,0,296.11,1
536,0,0.61306,2,1,0,2,5,0.06247,1,5,4,0,0,296.17,2
537,0.54358,0.20517,1,1,2,3,4,0.98792,1,6,4,0,0,297.16,3
538,0,0.65887,2,1,0,2,5,0.44024,1,7,4,0,0,297.6,4
539,0.49293,0.30419,1,1,2,3,4,0.56285,1,8,4,0,0,298.16,5
540,0.42861,0.24544,1,1,2,3,4,0.86409,1,9,4,0,0,299.02,6
541,0,0,2,1,0,2,0,0,1,10,4,1,0,299.02,7
542,0,0.47036,3,1,0,3,4,0.99274,1,10,4,0,0,300.02,8
543,0,0.46623,3,1,0,3,5,0.073257,0,0,4,0,0,300.09,9
544,0,0.53677,3,1,0,3,5,0.062735,0,1,4,0,0,300.15,10
545,0.52114,0.2507,1,1,1,2,4,0.97067,0,2,4,0,0,301.12,11
546,0.45834,0.33424,1,1,1,2,4,0.95356,0,3,4,0,0,302.08,12
547,0.41139,0.30604,1,1,1,2,4,0.90784,0,4,4,0,0,302.98,13
548,0,0.58592,3,1,0,3,5,0.039386,0,5,4,0,0,303.02,14
549,0,0,2,1,0,2,0,0,0,6,4,0,1,303.02,15
550,0.54262,0.24942,1,1,1,2,4,0.73764,0,6,4,0,0,303.76,16
551,0,0.525,2,1,0,2,4,0.63458,0,7,4,0,0,304.4,17
552,0.45312,0.23112,1,1,1,2,4,0.90131,0,8,4,0,0,305.3,18
553,0,0.57503,2,1,0,2,4,0.9612,0,9,4,0,0,306.26,19
554,0,0.52969,2,1,0,2,4,0.99219,0,10,4,0,0,307.25,20
555,0.45787,0.60114,1,1,1,2,4,0.99505,0,11,4,0,0,308.24,21
556,0.52034,0.3044,1,1,1,2,4,0.97288,0,12,4,0,0,309.22,22
557,0.48185,0.27342,1,1,1,2,4,0.7512,0,13,4,0,0,309.97,23
558,0.4451,0.35146,1,1,1,2,5,0.35578,1,0,4,0,0,310.32,24
559,0,0.53312,3,1,0,3,4,0.88146,1,1,4,0,0,311.21,25
560,0,0.65233,2,1,0,2,5,0.18533,1,2,4,0,0,311.39,26
561,0,0.49838,2,1,0,2,5,0.018998,1,3,4,0,0,311.41,27
562,0.50966,0.23891,1,1,2,3,4,0.76977,1,4,4,0,0,312.18,28
563,0.40355,0.31391,1,1,2,3,4,0.8725,1,5,4,0,0,313.05,29
564,0.46817,0.31202,1,1,2,3,4,0.82625,1,6,4,0,0,313.88,30
565,0,0.64385,3,1,0,3,4,0.82233,1,7,4,0,0,314.7,31
566,0.41911,0.17244,1,1,2,3,4,0.7251,1,8,4,0,0,315.43,32
567,0,0.61737,3,1,0,3,4,0.86506,1,9,4,0,0,316.29,33
568,0.49282,0.30181,1,1,2,3,4,0.93733,1,10,4,0,0,317.23,34
569,0,0,1,1,0,0,0,0,1,11,4,1,0,317.23,35
570,0.41319,0.3384,1,1,2,3,4,0.77815,1,11,4,0,0,318.01,36
571,0.40463,0.28652,1,1,2,3,4,0.82348,1,12,4,0,0,318.83,37
572,0,0.56443,2,1,0,2,5,0.36969,1,13,4,0,0,319.2,38
573,0,0.5073,2,1,0,2,4,0.95745,0,0,4,0,0,320.16,39
574,0.74407,0.23334,1,1,1,2,4,0.67412,0,1,4,0,0,320.83,40
575,0,0.58826,3,1,0,3,5,0.90855,0,2,5,0,0,321.74,0
576,0,0.58981,3,1,0,3,5,0.99958,0,3,5,0,0,322.74,1
577,0.44567,0.20786,1,1,2,3,5,0.97527,0,4,5,0,0,323.72,2
578,0.65153,0.29568,1,1,2,3,5,0.98345,0,5,5,0,0,324.7,3
579,0.4499,0.39636,1,1,2,3,5,0.98835,0,6,5,0,0,325.69,4
580,0.58751,0.38655,1,1,2,3,5,0.82563,0,7,5,0,0,326.51,5
581,0.48159,0.34729,1,1,2,3,5,0.80611,0,8,5,0,0,327.32,6
582,0.43062,0.36824,1,1,2,3,5,0.94271,0,9,5,0,0,328.26,7
583,0,0.62929,2,1,0,2,4,0.050749,0,10,5,0,0,328.31,8
584,0.54633,0.25115,1,1,2,3,5,0.82153,0,11,5,0,0,329.13,9
585,0.49782,0.40381,1,1,2,3,5,0.97539,0,12,5,0,0,330.11,10
586,0,0.65802,2,1,0,2,4,0.14469,0,13,5,0,0,330.25,11
587,0.51541,0.4121,1,1,1,2,5,0.85178,1,0,5,0,0,331.11,12
588,0.57234,0.33233,1,1,1,2,5,0.90681,1,1,5,0,0,332.01,13
589,0,0.62684,3,1,0,3,4,0.012729,1,2,5,0,0,332.03,14
590,0,0.67744,2,1,0,2,5,0.98561,1,3,5,0,0,333.01,15
591,0.6087,0.32863,1,1,1,2,5,0.98817,1,4,5,0,0,334,16
592,0,0.54955,3,1,0,3,4,0.15203,1,5,5,0,0,334.15,17
593,0.62618,0.30735,1,1,1,2,5,0.50852,1,6,5,0,0,334.66,18
594,0.48845,0.23419,1,1,1,2,5,0.40051,1,7,5,0,0,335.06,19
595,0,0.59422,3,1,0,3,4,0.84641,1,8,5,0,0,335.91,20
596,0,0,2,1,0,2,0,0,1,9,5,1,0,335.91,21
597,0.68814,0.19726,1,1,2,3,4,0.69456,1,9,5,0,0,336.6,22
598,0.51276,0.38671,1,1,2,3,4,0.53647,1,10,5,0,0,337.14,23
599,0,0.67812,2,1,0,2,5,0.40735,1,11,5,0,0,337.54,24
600,0,0.61748,2,1,0,2,5,0.29715,1,12,5,0,0,337.84,25
