1,0.71496,0,1,1,1,2,0,0,0,0,5,1,0,0,0
2,0.56458,0,1,1,2,3,0,0,0,0,5,1,0,0,1
3,0.10793,0,1,1,2,3,0,0,0,0,5,0,1,0,2
4,0,0,1,1,0,0,0,0,0,0,5,1,0,0,3
5,0.003316,0,1,1,1,2,0,0,0,0,5,1,0,0,4
6,0,0,3,1,0,3,0,0,0,0,5,1,0,0,5
7,0,0,3,1,0,3,0,0,0,0,5,0,1,0,6
8,0,0,1,1,0,0,0,0,0,0,5,1,0,0,7
9,0.55186,0.57145,1,1,1,2,4,0.20283,0,0,5,0,0,0.20283,8
10,0,0,2,1,0,2,0,0,0,1,5,1,0,0.20283,9
11,0,0,1,1,0,0,0,0,0,1,5,1,0,0.20283,10
12,0,0,3,1,0,3,0,0,0,1,5,1,0,0.20283,11
13,0,0,3,1,0,3,0,0,0,1,5,0,1,0.20283,12
14,0,0,1,1,0,0,0,0,0,1,5,1,0,0.20283,13
15,0,0.72454,3,1,0,3,5,0.94998,0,1,5,0,0,1.1528,14
16,0,0,1,1,0,0,0,0,0,2,5,1,0,1.1528,15
17,0,0.73353,2,1,0,2,4,0.028229,0,2,5,0,0,1.181,16
18,0,0,3,1,0,3,0,0,0,3,5,1,0,1.181,17
19,0,0,1,1,0,0,0,0,0,3,5,1,0,1.181,18
20,0.47773,0,1,1,2,3,0,0,0,3,5,0,1,1.181,19
21,0,0.66923,2,1,0,2,4,0.22396,0,3,5,0,0,1.405,20
22,0,0,1,1,0,0,0,0,0,4,5,1,0,1.405,21
23,0,0.51859,3,1,0,3,5,0.8778,0,4,5,0,0,2.2828,22
24,0,0,2,1,0,2,0,0,1,0,5,1,0,2.2828,23
25,0,0,1,1,0,0,0,0,1,0,5,1,0,2.2828,24
26,0,0,2,1,0,2,0,0,1,0,5,1,0,2.2828,25
27,0.62832,0,1,1,2,3,0,0,1,0,5,1,0,2.2828,26
28,0,0,2,1,0,2,0,0,1,0,5,1,0,2.2828,27
29,0,0.68122,3,1,0,3,4,0.12251,1,0,5,0,0,2.4053,28
30,0,0.59618,2,1,0,2,5,0.96404,1,1,5,0,0,3.3693,29
31,0,0.51157,2,1,0,2,5,0.94191,1,2,5,0,0,4.3113,30
32,0,0.39422,2,1,0,2,5,0.99229,1,3,5,0,0,5.3035,31
33,0,0,1,1,0,0,0,0,0,0,5,1,0,5.3035,32
34,0.56494,0,1,1,1,2,0,0,0,0,5,1,0,5.3035,33
35,0,0.53701,3,1,0,3,5,0.95714,0,0,5,0,0,6.2607,34
36,0.72811,0.63755,1,1,2,3,5,0.83756,0,1,5,0,0,7.0982,35
37,0.61794,0.66868,1,1,1,2,4,0.13577,0,2,5,0,0,7.234,36
38,0.69495,0.4496,1,1,1,2,4,0.12548,0,3,5,0,0,7.3595,37
39,0,0.58335,2,1,0,2,4,0.2602,0,4,5,0,0,7.6197,38
40,0,0.64499,3,1,0,3,5,0.86787,0,5,5,0,0,8.4876,39
41,0.67582,0.542,1,1,2,3,4,0.002672,1,0,5,0,0,8.4902,40
42,0.58927,0.59255,1,1,1,2,5,0.02059,1,1,4,0,0,8.5108,0
43,0.54943,0.70814,1,1,2,3,4,0.7973,1,2,4,0,0,9.3081,1
44,0,0.60451,2,1,0,2,4,0.8755,0,0,4,0,0,10.184,2
45,0.46185,0.44806,1,1,2,3,5,0.08857,0,1,4,0,0,10.272,3
46,0,0,2,1,0,2,0,0,0,2,4,1,0,10.272,4
47,0,0.49271,3,1,0,3,5,0.36888,0,2,4,0,0,10.641,5
48,0,0,1,1,0,0,0,0,0,3,4,1,0,10.641,6
49,0.5745,0.59444,1,1,1,2,4,0.89004,0,3,4,0,0,11.531,7
50,0,0.66995,2,1,0,2,5,0.26057,1,0,4,0,0,11.792,8
51,0,0,1,1,0,0,0,0,1,1,4,1,0,11.792,9
52,0.72438,0.57986,1,1,1,2,5,0.090859,1,1,4,0,0,11.883,10
53,0,0,1,1,0,0,0,0,1,2,4,1,0,11.883,11
54,0,0,3,1,0,3,0,0,1,2,4,1,0,11.883,12
55,0,0.50976,3,1,0,3,4,0.97706,1,2,4,0,0,12.86,13
56,0,0.52546,3,1,0,3,4,0.71617,1,3,4,0,0,13.576,14
57,0,0.51117,3,1,0,3,5,0.18779,0,0,4,0,0,13.764,15
58,0,0.48386,3,1,0,3,5,0.0928,0,1,4,0,0,13.856,16
59,0,0,2,1,0,2,0,0,0,2,4,1,0,13.856,17
60,0.65839,0.6385,1,1,2,3,5,0.16342,0,2,4,0,0,14.02,18
61,0,0,2,1,0,2,0,0,0,3,4,1,0,14.02,19
62,0,0,3,1,0,3,0,0,0,3,4,0,1,14.02,20
63,0.74005,0,1,1,2,3,0,0,0,3,4,0,1,14.02,21
64,0.51343,0,1,1,1,2,0,0,0,3,4,0,1,14.02,22
65,0.5652,0,1,1,1,2,0,0,0,3,4,1,0,14.02,23
66,0,0.66714,2,1,0,2,4,0.85228,0,3,4,0,0,14.872,24
67,0.59936,0.42113,1,1,2,3,5,0.25123,0,4,4,0,0,15.123,25
68,0.472,0,1,1,1,2,0,0,0,5,4,0,1,15.123,26
69,0.57162,0,1,1,1,2,0,0,0,5,4,1,0,15.123,27
70,0,0,2,1,0,2,0,0,0,5,4,1,0,15.123,28
71,0,0.4851,3,1,0,3,5,0.10932,0,5,4,0,0,15.233,29
72,0,0.67073,3,1,0,3,4,0.65407,1,0,4,0,0,15.887,30
73,0,0.59211,3,1,0,3,4,0.96782,1,1,4,0,0,16.855,31
74,0,0,1,1,0,0,0,0,1,2,4,1,0,16.855,32
75,0,0.75161,3,1,0,3,4,0.91003,1,2,4,0,0,17.765,33
76,0.4921,0.56015,1,1,1,2,5,0.090659,1,3,4,0,0,17.855,34
77,0.56369,0.60068,1,1,1,2,5,0.20836,1,4,4,0,0,18.064,35
78,0,0.6665,3,1,0,3,5,0.31639,0,0,4,0,0,18.38,36
79,0,0.47127,3,1,0,3,5,0.60802,0,1,4,0,0,18.988,37
80,0,0,2,1,0,2,0,0,0,2,4,0,1,18.988,38
81,0.66467,0,1,1,2,3,0,0,0,2,4,1,0,18.988,39
82,0,0.58529,2,1,0,2,4,0.87315,0,2,4,0,0,19.861,40
83,0.62555,0.61391,1,1,2,3,4,0.063227,1,0,5,0,0,19.924,0
84,0.57517,0.58679,1,1,1,2,5,0.91978,1,1,5,0,0,20.844,1
85,0,0.60317,3,1,0,3,4,0.35022,1,2,5,0,0,21.194,2
86,0.60126,0.68939,1,1,1,2,4,0.19969,0,0,5,0,0,21.394,3
87,0,0.56067,2,1,0,2,4,0.1416,0,1,5,0,0,21.536,4
88,0,0.6093,3,1,0,3,5,0.58777,0,2,5,0,0,22.123,5
89,0.61054,0.57021,1,1,2,3,5,0.81255,0,3,5,0,0,22.936,6
90,0,0.68358,2,1,0,2,5,0.74694,1,0,5,0,0,23.683,7
91,0,0.57769,2,1,0,2,5,0.75091,1,1,5,0,0,24.434,8
92,0.67294,0.6534,1,1,2,3,4,0.28236,1,2,5,0,0,24.716,9
93,0,0.62249,3,1,0,3,4,0.29644,1,3,5,0,0,25.013,10
94,0.5414,0.58473,1,1,2,3,4,0.18578,1,4,5,0,0,25.198,11
95,0.53777,0.663,1,1,1,2,5,0.78619,1,5,5,0,0,25.985,12
96,0,0.6887,2,1,0,2,4,0.066263,0,0,5,0,0,26.051,13
97,0.70086,0.62,1,1,2,3,5,0.65719,0,1,5,0,0,26.708,14
98,0.68106,0,1,1,2,3,0,0,0,2,5,1,0,26.708,15
99,0.57718,0.69652,1,1,1,2,4,0.22346,0,2,5,0,0,26.931,16
100,0,0.71074,3,1,0,3,5,0.76052,0,3,5,0,0,27.692,17
101,0,0.66047,2,1,0,2,4,0.11384,0,4,5,0,0,27.806,18
102,0,0,3,1,0,3,0,0,1,0,5,1,0,27.806,19
103,0,0.39916,3,1,0,3,4,0.048627,1,0,5,0,0,27.854,20
104,0,0.48695,3,1,0,3,4,0.003626,1,1,5,0,0,27.858,21
105,0,0.46749,3,1,0,3,4,0.19433,1,2,5,0,0,28.052,22
106,0.5995,0.47811,1,1,2,3,4,0.055077,1,3,5,0,0,28.108,23
107,0.59393,0.49758,1,1,2,3,4,0.081346,1,4,5,0,0,28.189,24
108,0.52088,0,1,1,1,2,0,0,1,5,5,0,1,28.189,25
109,0,0.44568,2,1,0,2,5,0.92946,1,5,5,0,0,29.118,26
110,0.57641,0.52477,1,1,1,2,4,0.13213,0,0,5,0,0,29.25,27
111,0.5967,0.6426,1,1,2,3,5,0.8892,0,1,5,0,0,30.14,28
112,0.5919,0.62494,1,1,2,3,5,0.87188,0,2,5,0,0,31.012,29
113,0,0.57641,3,1,0,3,4,0.14914,1,0,5,0,0,31.161,30
114,0.57922,0.61494,1,1,1,2,5,0.80244,1,1,5,0,0,31.963,31
115,0,0.53388,2,1,0,2,5,0.9501,1,2,5,0,0,32.913,32
116,0.53785,0.63848,1,1,1,2,5,0.93683,1,3,5,0,0,33.85,33
117,0.41116,0.4332,1,1,2,3,4,0.002083,1,4,5,0,0,33.852,34
118,0.4545,0,1,1,1,2,0,0,1,5,5,0,1,33.852,35
119,0,0.41745,2,1,0,2,5,0.94757,1,5,5,0,0,34.8,36
120,0,0.51789,2,1,0,2,4,0.002493,0,0,5,0,0,34.802,37
121,0,0.71538,3,1,0,3,5,0.97407,0,1,5,0,0,35.776,38
122,0.58648,0.74345,1,1,2,3,5,0.91605,0,2,5,0,0,36.692,39
123,0.55949,0.59805,1,1,2,3,5,0.72024,0,3,5,0,0,37.413,40
124,0,0.50692,3,1,0,3,5,0.2274,0,4,4,0,0,37.64,0
125,0.5793,0.69434,1,1,1,2,4,0.81497,0,5,4,0,0,38.455,1
126,0.43112,0.55393,1,1,1,2,5,0.19094,1,0,4,0,0,38.646,2
127,0,0,1,1,0,0,0,0,1,1,4,1,0,38.646,3
128,0.49749,0,1,1,1,2,0,0,1,1,4,1,0,38.646,4
129,0.58111,0,1,1,1,2,0,0,1,1,4,0,1,38.646,5
130,0.54693,0.69851,1,1,1,2,5,0.39381,1,1,4,0,0,39.04,6
131,0.53186,0,1,1,2,3,0,0,1,2,4,1,0,39.04,7
132,0.50781,0.63155,1,1,1,2,5,0.076495,1,2,4,0,0,39.116,8
133,0.53921,0.62159,1,1,1,2,4,0.81742,0,0,4,0,0,39.934,9
134,0,0.64572,2,1,0,2,4,0.97745,0,1,4,0,0,40.911,10
135,0.48022,0,1,1,1,2,0,0,0,2,4,0,1,40.911,11
136,0,0,3,1,0,3,0,0,0,2,4,1,0,40.911,12
137,0.65904,0.55021,1,1,1,2,4,0.85264,0,2,4,0,0,41.764,13
138,0.63158,0.52711,1,1,2,3,5,0.35235,0,3,4,0,0,42.116,14
139,0,0.65074,3,1,0,3,4,0.83879,1,0,4,0,0,42.955,15
140,0.55167,0.68082,1,1,1,2,5,0.080455,1,1,4,0,0,43.035,16
141,0,0.73337,2,1,0,2,5,0.16225,1,2,4,0,0,43.197,17
142,0.64168,0.73617,1,1,2,3,4,0.98988,1,3,4,0,0,44.187,18
143,0,0,1,1,0,0,0,0,1,4,4,1,0,44.187,19
144,0,0.7446,2,1,0,2,5,0.038181,1,4,4,0,0,44.226,20
145,0,0,3,1,0,3,0,0,0,0,4,1,0,44.226,21
146,0,0.66489,3,1,0,3,5,0.31504,0,0,4,0,0,44.541,22
147,0,0.68076,2,1,0,2,4,0.90626,0,1,4,0,0,45.447,23
148,0.56351,0.63124,1,1,1,2,4,0.88621,0,2,4,0,0,46.333,24
149,0,0.50493,2,1,0,2,4,0.9763,0,3,4,0,0,47.309,25
150,0,0,1,1,0,0,0,0,1,0,4,1,0,47.309,26
151,0,0.52856,2,1,0,2,5,0.095194,1,0,4,0,0,47.405,27
152,0,0.63578,3,1,0,3,4,0.84046,1,1,4,0,0,48.245,28
153,0.57167,0,1,1,2,3,0,0,1,2,4,1,0,48.245,29
154,0,0.46094,3,1,0,3,4,0.9843,1,2,4,0,0,49.229,30
155,0,0,1,1,0,0,0,0,0,0,4,1,0,49.229,31
156,0,0.37799,3,1,0,3,5,0.028015,0,0,4,0,0,49.257,32
157,0,0.68145,2,1,0,2,4,0.8644,0,1,4,0,0,50.122,33
158,0,0.57534,2,1,0,2,4,0.79713,0,2,4,0,0,50.919,34
159,0,0.52297,2,1,0,2,4,0.91847,0,3,4,0,0,51.837,35
160,0.62896,0.57655,1,1,1,2,4,0.96103,0,4,4,0,0,52.798,36
161,0,0.4684,3,1,0,3,5,0.21033,0,5,4,0,0,53.009,37
162,0,0.60282,3,1,0,3,4,0.89942,1,0,4,0,0,53.908,38
163,0,0.67976,3,1,0,3,4,0.93187,1,1,4,0,0,54.84,39
164,0,0,1,1,0,0,0,0,1,2,4,1,0,54.84,40
165,0,0.55598,2,1,0,2,5,0.89992,1,2,5,0,0,55.74,0
166,0.61683,0.68736,1,1,1,2,5,0.98106,1,3,5,0,0,56.721,1
167,0,0.61935,2,1,0,2,4,0.083159,0,0,5,0,0,56.804,2
168,0,0.61738,2,1,0,2,4,0.044048,0,1,5,0,0,56.848,3
169,0.54801,0.61401,1,1,1,2,4,0.052625,0,2,5,0,0,56.901,4
170,0.49413,0.65555,1,1,1,2,4,0.1727,0,3,5,0,0,57.074,5
171,0,0.64942,3,1,0,3,5,0.69335,0,4,5,0,0,57.767,6
172,0.73698,0,1,1,2,3,0,0,0,5,5,1,0,57.767,7
173,0,0.72462,2,1,0,2,4,0.043796,0,5,5,0,0,57.811,8
174,0,0,1,1,0,0,0,0,1,0,5,1,0,57.811,9
175,0.61872,0.65929,1,1,1,2,5,0.8954,1,0,5,0,0,58.706,10
176,0.68489,0.64815,1,1,1,2,5,0.89843,1,1,5,0,0,59.604,11
177,0,0.62066,2,1,0,2,5,0.65536,1,2,5,0,0,60.26,12
178,0,0,3,1,0,3,0,0,1,3,5,0,1,60.26,13
179,0,0,1,1,0,0,0,0,1,3,5,1,0,60.26,14
180,0.36812,0.64653,1,1,2,3,4,0.35454,1,3,5,0,0,60.614,15
181,0.58009,0.69959,1,1,2,3,5,0.45823,0,0,5,0,0,61.073,16
182,0,0.65435,2,1,0,2,4,0.40915,0,1,5,0,0,61.482,17
183,0,0,3,1,0,3,0,0,0,2,5,1,0,61.482,18
184,0.48904,0.72581,1,1,2,3,5,0.93763,0,2,5,0,0,62.419,19
185,0,0.73459,3,1,0,3,5,0.98618,0,3,5,0,0,63.406,20
186,0.52051,0.72709,1,1,1,2,4,0.16043,0,4,5,0,0,63.566,21
187,0,0.61829,2,1,0,2,4,0.031732,0,5,5,0,0,63.598,22
188,0,0.68967,3,1,0,3,4,0.10535,1,0,5,0,0,63.703,23
189,0,0.57187,3,1,0,3,4,0.074738,1,1,5,0,0,63.778,24
190,0,0,3,1,0,3,0,0,1,2,5,1,0,63.778,25
191,0.63997,0.47368,1,1,1,2,5,0.6932,1,2,5,0,0,64.471,26
192,0.54944,0.59155,1,1,1,2,5,0.91579,1,3,5,0,0,65.387,27
193,0.54017,0.64893,1,1,1,2,4,0.084727,0,0,5,0,0,65.472,28
194,0,0,3,1,0,3,0,0,0,1,5,1,0,65.472,29
195,0.51356,0.44523,1,1,2,3,5,0.91738,0,1,5,0,0,66.389,30
196,0,0,3,1,0,3,0,0,0,2,5,1,0,66.389,31
197,0.50753,0.53788,1,1,2,3,5,0.79899,0,2,5,0,0,67.188,32
198,0.4742,0.55668,1,1,1,2,4,0.21666,0,3,5,0,0,67.405,33
199,0,0.60657,2,1,0,2,4,0.5578,0,4,5,0,0,67.962,34
200,0,0.59288,2,1,0,2,5,0.57398,1,0,5,0,0,68.536,35
201,0,0,2,1,0,2,0,0,1,1,5,1,0,68.536,36
202,0,0,1,1,0,0,0,0,1,1,5,1,0,68.536,37
203,0.65023,0.50762,1,1,1,2,5,0.85137,1,1,5,0,0,69.388,38
204,0.49603,0.55724,1,1,1,2,5,0.55795,1,2,5,0,0,69.946,39
205,0.4669,0.6311,1,1,2,3,4,0.27057,1,3,5,0,0,70.216,40
206,0,0.66607,2,1,0,2,4,0.96721,0,0,4,0,0,71.183,0
207,0.55684,0.64432,1,1,1,2,4,0.96447,0,1,4,0,0,72.148,1
208,0.49452,0.60408,1,1,1,2,4,0.78264,0,2,4,0,0,72.931,2
209,0,0.6057,3,1,0,3,5,0.1294,0,3,4,0,0,73.06,3
210,0,0,2,1,0,2,0,0,0,4,4,1,0,73.06,4
211,0,0.41507,2,1,0,2,4,0.84169,0,4,4,0,0,73.902,5
212,0,0.57616,3,1,0,3,5,0.000215,0,5,4,0,0,73.902,6
213,0.48036,0.57855,1,1,1,2,4,0.97704,0,6,4,0,0,74.879,7
214,0,0,3,1,0,3,0,0,0,7,4,0,1,74.879,8
215,0,0,3,1,0,3,0,0,0,7,4,1,0,74.879,9
216,0.56382,0.63161,1,1,2,3,5,0.085897,0,7,4,0,0,74.965,10
217,0.526,0.75349,1,1,2,3,5,0.018504,0,8,4,0,0,74.983,11
218,0.39443,0.69614,1,1,2,3,5,0.028607,0,9,4,0,0,75.012,12
219,0,0.7278,3,1,0,3,4,0.82406,1,0,4,0,0,75.836,13
220,0.61936,0.68677,1,1,2,3,4,0.87033,1,1,4,0,0,76.706,14
221,0,0,3,1,0,3,0,0,1,2,4,1,0,76.706,15
222,0,0.40005,3,1,0,3,4,0.88572,1,2,4,0,0,77.592,16
223,0,0,2,1,0,2,0,0,1,3,4,0,1,77.592,17
224,0,0.56036,3,1,0,3,4,0.77952,1,3,4,0,0,78.372,18
225,0.72482,0.58194,1,1,2,3,4,0.73542,1,4,4,0,0,79.107,19
226,0.65873,0.70115,1,1,1,2,5,0.20528,1,5,4,0,0,79.312,20
227,0,0.55964,3,1,0,3,4,0.68418,1,6,4,0,0,79.996,21
228,0.59301,0.62116,1,1,1,2,5,0.16262,1,7,4,0,0,80.159,22
229,0.49883,0.73226,1,1,2,3,4,0.9375,1,8,4,0,0,81.097,23
230,0,0.61387,3,1,0,3,5,0.099268,0,0,4,0,0,81.196,24
231,0,0.5194,3,1,0,3,5,0.13411,0,1,4,0,0,81.33,25
232,0,0.55167,2,1,0,2,4,0.93644,0,2,4,0,0,82.266,26
233,0,0.53106,3,1,0,3,5,0.29466,0,3,4,0,0,82.561,27
234,0,0,1,1,0,0,0,0,0,4,4,1,0,82.561,28
235,0,0,3,1,0,3,0,0,0,4,4,1,0,82.561,29
236,0.75141,0.57541,1,1,1,2,4,0.87356,0,4,4,0,0,83.435,30
237,0,0.62783,3,1,0,3,5,0.23682,0,5,4,0,0,83.671,31
238,0.56959,0,1,1,2,3,0,0,0,6,4,0,1,83.671,32
239,0.43948,0,1,1,2,3,0,0,0,6,4,1,0,83.671,33
240,0.53728,0.50051,1,1,2,3,5,0.046607,0,6,4,0,0,83.718,34
241,0,0.5922,2,1,0,2,4,0.92148,0,7,4,0,0,84.64,35
242,0.56736,0.60416,1,1,1,2,4,0.94705,0,8,4,0,0,85.587,36
243,0.56832,0.64062,1,1,2,3,4,0.97712,1,0,4,0,0,86.564,37
244,0,0.73491,2,1,0,2,5,0.024076,1,1,4,0,0,86.588,38
245,0.54692,0.62878,1,1,2,3,4,0.82676,1,2,4,0,0,87.415,39
246,0,0.73331,2,1,0,2,5,0.35248,1,3,4,0,0,87.767,40
247,0.6274,0.66993,1,1,2,3,4,0.1639,1,4,5,0,0,87.931,0
248,0,0.6548,3,1,0,3,4,0.27185,1,5,5,0,0,88.203,1
249,0,0,2,1,0,2,0,0,1,6,5,1,0,88.203,2
250,0,0.51425,3,1,0,3,4,0.25373,1,6,5,0,0,88.456,3
251,0,0.50006,3,1,0,3,4,0.038675,1,7,5,0,0,88.495,4
252,0,0.54319,3,1,0,3,4,0.15449,1,8,5,0,0,88.65,5
253,0,0,1,1,0,0,0,0,1,9,5,1,0,88.65,6
254,0,0,1,1,0,0,0,0,1,9,5,1,0,88.65,7
255,0.67167,0.6186,1,1,2,3,4,0.087604,1,9,5,0,0,88.737,8
256,0,0.48025,3,1,0,3,5,0.8037,0,0,5,0,0,89.541,9
257,0,0.68318,2,1,0,2,4,0.1553,0,1,5,0,0,89.696,10
258,0.44954,0.59187,1,1,1,2,4,0.14134,0,2,5,0,0,89.838,11
259,0.54712,0.7329,1,1,2,3,5,0.65558,0,3,5,0,0,90.493,12
260,0.53833,0.6611,1,1,2,3,5,0.61287,0,4,5,0,0,91.106,13
261,0,0.57074,3,1,0,3,5,0.63374,0,5,5,0,0,91.74,14
262,0,0.66239,2,1,0,2,4,0.12575,0,6,5,0,0,91.866,15
263,0,0,1,1,0,0,0,0,0,7,5,1,0,91.866,16
264,0.41836,0.55799,1,1,2,3,5,0.99209,0,7,5,0,0,92.858,17
265,0,0.66141,3,1,0,3,5,0.95184,0,8,5,0,0,93.809,18
266,0.50568,0.72804,1,1,1,2,5,0.89914,1,0,5,0,0,94.709,19
267,0.6388,0.68659,1,1,2,3,4,0.24318,1,1,5,0,0,94.952,20
268,0.71504,0.5898,1,1,1,2,5,0.47701,1,2,5,0,0,95.429,21
269,0.51652,0.67842,1,1,2,3,4,0.70004,1,3,5,0,0,96.129,22
270,0.44666,0.73075,1,1,2,3,4,0.30523,1,4,5,0,0,96.434,23
271,0.45013,0.60506,1,1,1,2,5,0.9098,1,5,5,0,0,97.344,24
272,0,0.64268,3,1,0,3,4,0.025983,1,6,5,0,0,97.37,25
273,0.55065,0.64656,1,1,1,2,5,0.95041,1,7,5,0,0,98.32,26
274,0,0,3,1,0,3,0,0,1,8,5,1,0,98.32,27
275,0,0,2,1,0,2,0,0,1,8,5,0,1,98.32,28
276,0,0.42585,2,1,0,2,5,0.90748,1,8,5,0,0,99.228,29
277,0.48635,0,1,1,2,3,0,0,0,0,5,0,1,99.228,30
278,0.50365,0,1,1,1,2,0,0,0,0,5,0,1,99.228,31
279,0.49506,0,1,1,1,2,0,0,0,0,5,0,1,99.228,32
280,0,0,2,1,0,2,0,0,0,0,5,0,1,99.228,33
281,0,0.43411,2,1,0,2,4,0.19121,0,0,5,0,0,99.419,34
282,0.69624,0.64731,1,1,1,2,4,0.13547,0,1,5,0,0,99.554,35
283,0,0.61433,3,1,0,3,5,0.85903,0,2,5,0,0,100.41,36
284,0.55222,0.67595,1,1,1,2,4,0.32773,0,3,5,0,0,100.74,37
285,0,0.55332,3,1,0,3,5,0.85767,0,4,5,0,0,101.6,38
286,0,0.62334,3,1,0,3,5,0.98278,0,5,5,0,0,102.58,39
287,0,0,2,1,0,2,0,0,0,6,5,1,0,102.58,40
288,0,0,3,1,0,3,0,0,0,6,4,1,0,102.58,0
289,0,0.64224,2,1,0,2,4,0.95878,0,6,4,0,0,103.54,1
290,0,0.53579,2,1,0,2,4,0.93349,0,7,4,0,0,104.47,2
291,0,0.40241,2,1,0,2,4,0.84,0,8,4,0,0,105.31,3
292,0,0.61703,2,1,0,2,5,0.33297,1,0,4,0,0,105.65,4
293,0.59357,0.66105,1,1,2,3,4,0.65324,1,1,4,0,0,106.3,5
294,0.4966,0.74156,1,1,1,2,5,0.089994,1,2,4,0,0,106.39,6
295,0.73018,0,1,1,2,3,0,0,1,3,4,0,1,106.39,7
296,0.47896,0,1,1,1,2,0,0,1,3,4,1,0,106.39,8
297,0,0,3,1,0,3,0,0,1,3,4,0,1,106.39,9
298,0,0,2,1,0,2,0,0,1,3,4,1,0,106.39,10
299,0.52616,0.63011,1,1,2,3,4,0.91133,1,3,4,0,0,107.3,11
300,0.72217,0.71032,1,1,2,3,4,0.9171,1,4,4,0,0,108.22,12
301,0,0,2,1,0,2,0,0,1,5,4,1,0,108.22,13
302,0,0.46502,2,1,0,2,5,0.14017,1,5,4,0,0,108.36,14
303,0,0.74698,3,1,0,3,4,0.88881,1,6,4,0,0,109.25,15
304,0,0.53976,3,1,0,3,4,0.96625,1,7,4,0,0,110.21,16
305,0.52455,0.66054,1,1,2,3,4,0.94142,1,8,4,0,0,111.16,17
306,0.56755,0.55762,1,1,2,3,4,0.85185,1,9,4,0,0,112.01,18
307,0.48569,0.59198,1,1,1,2,4,0.88897,0,0,4,0,0,112.9,19
308,0.53195,0,1,1,1,2,0,0,0,1,4,0,1,112.9,20
309,0.54975,0.58756,1,1,2,3,5,0.39879,0,1,4,0,0,113.29,21
310,0.49495,0.58692,1,1,1,2,4,0.66575,0,2,4,0,0,113.96,22
311,0.52821,0.62238,1,1,2,3,5,0.12244,0,3,4,0,0,114.08,23
312,0.57639,0,1,1,2,3,0,0,0,4,4,1,0,114.08,24
313,0.5995,0.60296,1,1,2,3,5,0.24207,0,4,4,0,0,114.33,25
314,0.45814,0.68885,1,1,1,2,4,0.83083,0,5,4,0,0,115.16,26
315,0,0.55822,3,1,0,3,5,0.20762,0,6,4,0,0,115.36,27
316,0,0.6598,3,1,0,3,5,0.19238,0,7,4,0,0,115.56,28
317,0,0.50978,3,1,0,3,5,0.42723,0,8,4,0,0,115.98,29
318,0,0.63445,2,1,0,2,5,0.29971,1,0,4,0,0,116.28,30
319,0.60621,0.61252,1,1,1,2,5,0.25341,1,1,4,0,0,116.54,31
320,0.44161,0.57707,1,1,1,2,5,0.091929,1,2,4,0,0,116.63,32
321,0.40017,0.63704,1,1,2,3,4,0.81046,1,3,4,0,0,117.44,33
322,0.54972,0,1,1,1,2,0,0,1,4,4,1,0,117.44,34
323,0.59336,0.60613,1,1,1,2,5,0.10189,1,4,4,0,0,117.54,35
324,0,0.53456,3,1,0,3,4,0.96368,1,5,4,0,0,118.5,36
325,0.46812,0.43,1,1,1,2,5,0.22113,1,6,4,0,0,118.73,37
326,0,0.56739,3,1,0,3,5,0.20865,0,0,4,0,0,118.93,38
327,0.50565,0.68546,1,1,1,2,4,0.73591,0,1,4,0,0,119.67,39
328,0,0.66438,2,1,0,2,4,0.7874,0,2,4,0,0,120.46,40
329,0,0,2,1,0,2,0,0,0,3,5,0,1,120.46,0
330,0,0,1,1,0,0,0,0,0,3,5,1,0,120.46,1
331,0,0,2,1,0,2,0,0,0,3,5,1,0,120.46,2
332,0,0.64709,3,1,0,3,5,0.49085,0,3,5,0,0,120.95,3
333,0,0.50054,3,1,0,3,5,0.50051,0,4,5,0,0,121.45,4
334,0.59279,0.62792,1,1,1,2,4,0.01911,0,5,5,0,0,121.47,5
335,0,0.55668,3,1,0,3,5,0.71279,0,6,5,0,0,122.18,6
336,0.50717,0.68639,1,1,2,3,5,0.82798,0,7,5,0,0,123.01,7
337,0.60042,0.65182,1,1,1,2,4,0.018179,0,8,5,0,0,123.03,8
338,0.51385,0.58095,1,1,1,2,5,0.95981,1,0,5,0,0,123.99,9
339,0,0.61954,3,1,0,3,4,0.010648,1,1,5,0,0,124,10
340,0.54917,0.68943,1,1,1,2,5,0.92486,1,2,5,0,0,124.92,11
341,0,0.67767,2,1,0,2,5,0.83317,1,3,5,0,0,125.76,12
342,0.59043,0.65571,1,1,1,2,5,0.9701,1,4,5,0,0,126.73,13
343,0.53326,0.61263,1,1,2,3,4,0.10973,1,5,5,0,0,126.84,14
344,0,0.4659,3,1,0,3,4,0.22134,1,6,5,0,0,127.06,15
345,0.67724,0.54945,1,1,1,2,4,0.34918,0,0,5,0,0,127.41,16
346,0,0.64039,3,1,0,3,5,0.53268,0,1,5,0,0,127.94,17
347,0,0.5649,3,1,0,3,5,0.90845,0,2,5,0,0,128.85,18
348,0.56123,0.63027,1,1,2,3,5,0.87819,0,3,5,0,0,129.72,19
349,0,0.68575,3,1,0,3,5,0.98883,0,4,5,0,0,130.71,20
350,0.61751,0.58235,1,1,1,2,4,0.25592,0,5,5,0,0,130.97,21
351,0.49729,0.73856,1,1,1,2,4,0.18429,0,6,5,0,0,131.15,22
352,0.67535,0,1,1,1,2,0,0,0,7,5,1,0,131.15,23
353,0.44148,0.49327,1,1,1,2,4,0.022841,0,7,5,0,0,131.18,24
354,0.45654,0.71577,1,1,1,2,4,0.13776,0,8,5,0,0,131.31,25
355,0,0.64021,3,1,0,3,5,0.68129,0,9,5,0,0,132,26
356,0.60566,0.59227,1,1,2,3,4,0.59028,1,0,5,0,0,132.59,27
357,0,0.6464,3,1,0,3,4,0.55025,1,1,5,0,0,133.14,28
358,0.4851,0.72007,1,1,2,3,4,0.38139,1,2,5,0,0,133.52,29
359,0.51815,0.62204,1,1,2,3,4,0.23904,1,3,5,0,0,133.76,30
360,0.48219,0.60667,1,1,1,2,5,0.92205,1,4,5,0,0,134.68,31
361,0,0,2,1,0,2,0,0,1,5,5,1,0,134.68,32
362,0.54396,0.55937,1,1,1,2,5,0.85793,1,5,5,0,0,135.54,33
363,0,0.55581,3,1,0,3,4,0.070616,1,6,5,0,0,135.61,34
364,0.43839,0.57551,1,1,1,2,5,0.95498,1,7,5,0,0,136.56,35
365,0,0.61206,3,1,0,3,4,0.13312,1,8,5,0,0,136.7,36
366,0.46846,0.66275,1,1,2,3,4,0.35881,1,9,5,0,0,137.05,37
367,0.38784,0,1,1,1,2,0,0,0,0,5,0,1,137.05,38
368,0,0,3,1,0,3,0,0,0,0,5,0,1,137.05,39
369,0.45382,0,1,1,2,3,0,0,0,0,5,0,1,137.05,40
370,0,0.66414,2,1,0,2,4,0.6975,0,0,4,0,0,137.75,0
371,0,0,3,1,0,3,0,0,0,1,4,1,0,137.75,1
372,0,0.41799,3,1,0,3,5,0.13417,0,1,4,0,0,137.89,2
373,0.64426,0.60134,1,1,1,2,4,0.79296,0,2,4,0,0,138.68,3
374,0,0.55236,2,1,0,2,4,0.60179,0,3,4,0,0,139.28,4
375,0.51364,0.71168,1,1,2,3,5,0.11598,0,4,4,0,0,139.4,5
376,0,0.58457,2,1,0,2,4,0.68809,0,5,4,0,0,140.08,6
377,0,0.46638,2,1,0,2,4,0.41048,0,6,4,0,0,140.5,7
378,0,0.60909,3,1,0,3,4,0.54847,1,0,4,0,0,141.04,8
379,0.49439,0.6977,1,1,1,2,5,0.024395,1,1,4,0,0,141.07,9
380,0.52807,0.72115,1,1,2,3,4,0.82659,1,2,4,0,0,141.89,10
381,0,0,3,1,0,3,0,0,1,3,4,1,0,141.89,11
382,0.54162,0,1,1,1,2,0,0,1,3,4,1,0,141.89,12
383,0,0.55711,2,1,0,2,5,0.27683,1,3,4,0,0,142.17,13
384,0.59811,0,1,1,1,2,0,0,1,4,4,1,0,142.17,14
385,0,0.48486,2,1,0,2,5,0.21003,1,4,4,0,0,142.38,15
386,0.54478,0.67929,1,1,1,2,5,0.12859,1,5,4,0,0,142.51,16
387,0.51743,0,1,1,1,2,0,0,1,6,4,1,0,142.51,17
388,0.52674,0.53101,1,1,2,3,4,0.898,1,6,4,0,0,143.41,18
389,0,0.59697,3,1,0,3,4,0.87409,1,7,4,0,0,144.28,19
390,0.54629,0.65881,1,1,1,2,4,0.86516,0,0,4,0,0,145.15,20
391,0,0.61908,2,1,0,2,4,0.99204,0,1,4,0,0,146.14,21
392,0,0.64286,2,1,0,2,4,0.87568,0,2,4,0,0,147.02,22
393,0,0,2,1,0,2,0,0,0,3,4,1,0,147.02,23
394,0,0,3,1,0,3,0,0,0,3,4,0,1,147.02,24
395,0.52277,0,1,1,2,3,0,0,0,3,4,0,1,147.02,25
396,0.4868,0.5757,1,1,1,2,4,0.9379,0,3,4,0,0,147.95,26
397,0.46353,0.65801,1,1,2,3,5,0.35266,0,4,4,0,0,148.31,27
398,0.51581,0,1,1,2,3,0,0,0,5,4,1,0,148.31,28
399,0,0.61436,2,1,0,2,4,0.7881,0,5,4,0,0,149.09,29
400,0.49362,0,1,1,2,3,0,0,0,6,4,1,0,149.09,30
401,0,0,3,1,0,3,0,0,0,6,4,1,0,149.09,31
402,0,0.51129,3,1,0,3,5,0.09519,0,6,4,0,0,149.19,32
403,0.48971,0.54574,1,1,1,2,4,0.73718,0,7,4,0,0,149.93,33
404,0,0.68957,3,1,0,3,5,0.3361,0,8,4,0,0,150.26,34
405,0.53165,0.64028,1,1,1,2,5,0.062727,1,0,4,0,0,150.32,35
406,0.52768,0.67002,1,1,2,3,4,0.79369,1,1,4,0,0,151.12,36
407,0.43538,0.51404,1,1,2,3,4,0.96767,1,2,4,0,0,152.09,37
408,0,0.68334,3,1,0,3,4,0.88263,1,3,4,0,0,152.97,38
409,0.45937,0.65294,1,1,1,2,5,0.16702,1,4,4,0,0,153.14,39
410,0.080299,0.61718,1,1,2,3,4,0.63224,1,5,4,0,0,153.77,40
411,0,0.55909,2,1,0,2,5,0.87155,1,6,5,0,0,154.64,0
412,0,0.58658,2,1,0,2,5,0.6633,1,7,5,0,0,155.3,1
413,0,0.74065,3,1,0,3,4,0.21274,1,8,5,0,0,155.52,2
414,0.37665,0,1,1,1,2,0,0,1,9,5,0,1,155.52,3
415,0,0.52193,3,1,0,3,4,0.12979,1,9,5,0,0,155.65,4
416,0.47866,0.54265,1,1,1,2,5,0.93577,1,10,5,0,0,156.58,5
417,0,0,1,1,0,0,0,0,1,11,5,1,0,156.58,6
418,0.52183,0.66186,1,1,2,3,4,0.2181,1,11,5,0,0,156.8,7
419,0,0.59642,2,1,0,2,5,0.66303,1,12,5,0,0,157.46,8
420,0.43534,0,1,1,1,2,0,0,0,0,5,1,0,157.46,9
421,0.74414,0.58627,1,1,1,2,4,0.51461,0,0,5,0,0,157.98,10
422,0,0.63513,3,1,0,3,5,0.61353,0,1,5,0,0,158.59,11
423,0.47382,0.61834,1,1,1,2,4,0.34131,0,2,5,0,0,158.93,12
424,0,0.57625,2,1,0,2,4,0.20553,0,3,5,0,0,159.14,13
425,0.54644,0.55591,1,1,1,2,4,0.017194,0,4,5,0,0,159.15,14
426,0,0.60937,2,1,0,2,4,0.10003,0,5,5,0,0,159.25,15
427,0,0.6943,2,1,0,2,4,0.17992,0,6,5,0,0,159.43,16
428,0,0.58918,2,1,0,2,4,0.11399,0,7,5,0,0,159.55,17
429,0,0,3,1,0,3,0,0,0,8,5,0,1,159.55,18
430,0,0.71386,3,1,0,3,5,0.73808,0,8,5,0,0,160.29,19
431,0,0,2,1,0,2,0,0,0,9,5,1,0,160.29,20
432,0.55257,0.58011,1,1,2,3,5,0.77922,0,9,5,0,0,161.07,21
433,0,0.5898,3,1,0,3,5,0.79786,0,10,5,0,0,161.86,22
434,0,0.55469,3,1,0,3,5,0.76865,0,11,5,0,0,162.63,23
435,0,0.68645,3,1,0,3,5,0.79373,0,12,5,0,0,163.43,24
436,0,0.50038,2,1,0,2,4,0.32112,0,13,5,0,0,163.75,25
437,0.44204,0.70336,1,1,1,2,5,0.3883,1,0,5,0,0,164.14,26
438,0.55349,0,1,1,2,3,0,0,1,1,5,0,1,164.14,27
439,0.53233,0,1,1,2,3,0,0,1,1,5,0,1,164.14,28
440,0,0.63222,3,1,0,3,4,0.17713,1,1,5,0,0,164.31,29
441,0,0.68753,2,1,0,2,5,0.77957,1,2,5,0,0,165.09,30
442,0.54435,0,1,1,2,3,0,0,1,3,5,1,0,165.09,31
443,0,0,1,1,0,0,0,0,1,3,5,1,0,165.09,32
444,0,0,3,1,0,3,0,0,1,3,5,1,0,165.09,33
445,0,0.66532,2,1,0,2,5,0.18652,1,3,5,0,0,165.28,34
446,0.53059,0.66591,1,1,2,3,4,0.67243,1,4,5,0,0,165.95,35
447,0.54921,0.61676,1,1,2,3,4,0.29884,1,5,5,0,0,166.25,36
448,0.47066,0.58809,1,1,1,2,5,0.52126,1,6,5,0,0,166.77,37
449,0.48307,0.60449,1,1,2,3,4,0.19301,1,7,5,0,0,166.96,38
450,0,0.60692,3,1,0,3,4,0.1607,1,8,5,0,0,167.13,39
451,0,0.65437,2,1,0,2,5,0.98452,1,9,5,0,0,168.11,40
452,0,0.62658,3,1,0,3,4,0.8544,1,10,4,0,0,168.96,0
453,0,0.52202,3,1,0,3,4,0.95413,1,11,4,0,0,169.92,1
454,0,0.4439,3,1,0,3,5,0.23456,0,0,4,0,0,170.15,2
455,0.53832,0.5249,1,1,2,3,5,0.20136,0,1,4,0,0,170.35,3
456,0.4877,0.64461,1,1,1,2,4,0.99552,0,2,4,0,0,171.35,4
457,0,0.47676,2,1,0,2,4,0.8147,0,3,4,0,0,172.16,5
458,0.50764,0.43369,1,1,1,2,4,0.99186,0,4,4,0,0,173.16,6
459,0.45219,0,1,1,2,3,0,0,0,5,4,1,0,173.16,7
460,0,0,2,1,0,2,0,0,0,5,4,0,1,173.16,8
461,0,0,2,1,0,2,0,0,0,5,4,1,0,173.16,9
462,0,0.62101,3,1,0,3,5,0.44659,0,5,4,0,0,173.6,10
463,0.595,0.57292,1,1,1,2,4,0.70413,0,6,4,0,0,174.31,11
464,0,0,1,1,0,0,0,0,0,7,4,1,0,174.31,12
465,0,0.70629,3,1,0,3,5,0.19548,0,7,4,0,0,174.5,13
466,0,0.57239,3,1,0,3,5,0.10441,0,8,4,0,0,174.61,14
467,0.63054,0.54751,1,1,2,3,5,0.050946,0,9,4,0,0,174.66,15
468,0,0.71492,3,1,0,3,5,0.17383,0,10,4,0,0,174.83,16
469,0,0.5846,3,1,0,3,5,0.065133,0,11,4,0,0,174.9,17
470,0,0.53851,2,1,0,2,5,0.044896,1,0,4,0,0,174.94,18
471,0.43028,0.59929,1,1,1,2,5,0.11105,1,1,4,0,0,175.05,19
472,0,0,3,1,0,3,0,0,1,2,4,0,1,175.05,20
473,0.58751,0.62937,1,1,2,3,4,0.35447,1,2,4,0,0,175.41,21
474,0,0.53164,3,1,0,3,4,0.24255,1,3,4,0,0,175.65,22
475,0.57218,0.48253,1,1,2,3,4,0.65368,1,4,4,0,0,176.3,23
476,0.49938,0.61007,1,1,1,2,5,0.4466,1,5,4,0,0,176.75,24
477,0,0.60185,3,1,0,3,4,0.66745,1,6,4,0,0,177.42,25
478,0.42649,0.62432,1,1,1,2,5,0.33123,1,7,4,0,0,177.75,26
479,0.60117,0.63189,1,1,1,2,5,0.13459,1,8,4,0,0,177.88,27
480,0,0,2,1,0,2,0,0,1,9,4,1,0,177.88,28
481,0,0.66686,3,1,0,3,4,0.89703,1,9,4,0,0,178.78,29
482,0.51102,0.5491,1,1,2,3,4,0.91664,1,10,4,0,0,179.7,30
483,0,0,3,1,0,3,0,0,1,11,4,1,0,179.7,31
484,0,0.50739,3,1,0,3,4,0.78489,1,11,4,0,0,180.48,32
485,0,0.50303,3,1,0,3,4,0.76129,1,12,4,0,0,181.24,33
486,0.52649,0.5801,1,1,1,2,5,0.19121,1,13,4,0,0,181.43,34
487,0,0.49554,2,1,0,2,4,0.80237,0,0,4,0,0,182.24,35
488,0,0.55963,3,1,0,3,5,0.097761,0,1,4,0,0,182.33,36
489,0,0.54489,3,1,0,3,5,0.002273,0,2,4,0,0,182.34,37
490,0,0.56803,3,1,0,3,5,0.084894,0,3,4,0,0,182.42,38
491,0.5648,0.63292,1,1,1,2,4,0.939,0,4,4,0,0,183.36,39
492,0.45672,0.6505,1,1,2,3,5,0.26588,0,5,4,0,0,183.63,40
493,0.42586,0.58364,1,1,2,3,5,0.97583,0,6,5,0,0,184.6,0
494,0,0.62118,2,1,0,2,4,0.21512,0,7,5,0,0,184.82,1
495,0,0.64797,3,1,0,3,5,0.71744,0,8,5,0,0,185.53,2
496,0,0.59982,3,1,0,3,5,0.57199,0,9,5,0,0,186.11,3
497,0.48989,0.72736,1,1,1,2,4,0.35506,0,10,5,0,0,186.46,4
498,0.003314,0,1,1,1,2,0,0,0,11,5,1,0,186.46,5
499,0.50058,0,1,1,1,2,0,0,0,11,5,1,0,186.46,6
500,0.56213,0,1,1,2,3,0,0,0,11,5,1,0,186.46,7
501,0.54985,0.51753,1,1,1,2,4,0.015633,0,11,5,0,0,186.48,8
502,0,0.38572,2,1,0,2,4,0.072436,0,12,5,0,0,186.55,9
503,0.56059,0.67936,1,1,2,3,5,0.90805,0,13,5,0,0,187.46,10
504,0.43313,0.5451,1,1,2,3,4,0.11945,1,0,5,0,0,187.58,11
505,0,0.59371,3,1,0,3,4,0.049835,1,1,5,0,0,187.63,12
506,0,0.59248,3,1,0,3,4,0.027573,1,2,5,0,0,187.65,13
507,0,0.71047,3,1,0,3,4,0.22401,1,3,5,0,0,187.88,14
508,0,0.60998,2,1,0,2,5,0.78213,1,4,5,0,0,188.66,15
509,0,0.46966,2,1,0,2,5,0.87746,1,5,5,0,0,189.54,16
510,0,0.49732,2,1,0,2,5,0.84017,1,6,5,0,0,190.38,17
511,0.44193,0.73327,1,1,1,2,5,0.97526,1,7,5,0,0,191.35,18
512,0,0,2,1,0,2,0,0,1,8,5,0,1,191.35,19
513,0.39685,0,1,1,2,3,0,0,1,8,5,1,0,191.35,20
514,0.54728,0.63533,1,1,1,2,5,0.95443,1,8,5,0,0,192.31,21
515,0.56881,0.65577,1,1,2,3,4,0.1499,1,9,5,0,0,192.46,22
516,0,0.55961,3,1,0,3,4,0.31066,1,10,5,0,0,192.77,23
517,0,0.67532,2,1,0,2,5,0.76848,1,11,5,0,0,193.54,24
518,0,0,2,1,0,2,0,0,0,0,5,1,0,193.54,25
519,0,0,2,1,0,2,0,0,0,0,5,0,1,193.54,26
520,0,0.56894,3,1,0,3,5,0.65199,0,0,5,0,0,194.19,27
521,0.55198,0.60728,1,1,1,2,4,0.052042,0,1,5,0,0,194.24,28
522,0.46028,0,1,1,2,3,0,0,0,2,5,1,0,194.24,29
523,0,0,2,1,0,2,0,0,0,2,5,1,0,194.24,30
524,0,0,1,1,0,0,0,0,0,2,5,1,0,194.24,31
525,0.52892,0.62196,1,1,2,3,5,0.90549,0,2,5,0,0,195.15,32
526,0,0.58526,2,1,0,2,4,0.08349,0,3,5,0,0,195.23,33
527,0,0.53146,2,1,0,2,4,0.26328,0,4,5,0,0,195.49,34
528,0,0.53964,2,1,0,2,4,0.085216,0,5,5,0,0,195.58,35
529,0,0.73893,3,1,0,3,5,0.96518,0,6,5,0,0,196.54,36
530,0,0,2,1,0,2,0,0,0,7,5,0,1,196.54,37
531,0,0,2,1,0,2,0,0,0,7,5,0,1,196.54,38
532,0.56948,0,1,1,1,2,0,0,0,7,5,0,1,196.54,39
533,0,0,2,1,0,2,0,0,0,7,5,0,1,196.54,40
534,0.57099,0,1,1,1,2,0,0,0,7,4,0,1,196.54,0
535,0.41671,0.56939,1,1,2,3,5,0.096003,0,7,4,0,0,196.64,1
536,0,0.56457,2,1,0,2,4,0.91452,0,8,4,0,0,197.55,2
537,0,0.54963,3,1,0,3,5,0.05208,0,9,4,0,0,197.61,3
538,0,0.62597,3,1,0,3,5,0.069183,0,10,4,0,0,197.68,4
539,0,0.56713,3,1,0,3,5,0.00551,0,11,4,0,0,197.68,5
540,0,0.49666,3,1,0,3,5,0.051233,0,12,4,0,0,197.73,6
541,0,0.5888,3,1,0,3,4,0.93741,1,0,4,0,0,198.67,7
542,0.60896,0.50799,1,1,1,2,5,0.2742,1,1,4,0,0,198.94,8
543,0.50406,0.48894,1,1,2,3,4,0.62273,1,2,4,0,0,199.57,9
544,0,0.4806,3,1,0,3,4,0.88946,1,3,4,0,0,200.46,10
545,0,0.58089,2,1,0,2,5,0.050651,1,4,4,0,0,200.51,11
546,0.53905,0.429,1,1,2,3,4,0.98034,1,5,4,0,0,201.49,12
547,0,0,2,1,0,2,0,0,1,6,4,1,0,201.49,13
548,0.52218,0.53913,1,1,2,3,4,0.96103,1,6,4,0,0,202.45,14
549,0,0.58128,2,1,0,2,5,0.26065,1,7,4,0,0,202.71,15
550,0,0.51738,2,1,0,2,5,0.36762,1,8,4,0,0,203.08,16
551,0.55093,0.71041,1,1,1,2,5,0.13039,1,9,4,0,0,203.21,17
552,0,0,1,1,0,0,0,0,1,10,4,1,0,203.21,18
553,0.38321,0.53533,1,1,1,2,5,0.030845,1,10,4,0,0,203.24,19
554,0.43562,0.60874,1,1,2,3,5,0.24208,0,0,4,0,0,203.48,20
555,0,0.50467,3,1,0,3,5,0.13935,0,1,4,0,0,203.62,21
556,0,0.56211,2,1,0,2,4,0.8144,0,2,4,0,0,204.43,22
557,0,0.54977,2,1,0,2,4,0.81048,0,3,4,0,0,205.24,23
558,0.54038,0.66785,1,1,1,2,4,0.71326,0,4,4,0,0,205.96,24
559,0.57903,0.58702,1,1,2,3,5,0.14678,0,5,4,0,0,206.1,25
560,0.49847,0,1,1,1,2,0,0,0,6,4,1,0,206.1,26
561,0,0,3,1,0,3,0,0,0,6,4,1,0,206.1,27
562,0.5271,0.61757,1,1,2,3,5,0.2337,0,6,4,0,0,206.34,28
563,0,0.53853,3,1,0,3,5,0.18837,0,7,4,0,0,206.53,29
564,0.45436,0.56083,1,1,1,2,4,0.61847,0,8,4,0,0,207.14,30
565,0.44,0,1,1,2,3,0,0,0,9,4,0,1,207.14,31
566,0.46318,0.41021,1,1,2,3,5,0.33773,0,9,4,0,0,207.48,32
567,0.49929,0.61693,1,1,1,2,4,0.8967,0,10,4,0,0,208.38,33
568,0,0.51927,2,1,0,2,4,0.98774,0,11,4,0,0,209.37,34
569,0,0,3,1,0,3,0,0,0,12,4,1,0,209.37,35
570,0,0.58203,2,1,0,2,4,0.9716,0,12,4,0,0,210.34,36
571,0.56511,0.61678,1,1,1,2,4,0.9765,0,13,4,0,0,211.32,37
572,0,0.63179,3,1,0,3,4,0.81378,1,0,4,0,0,212.13,38
573,0.54461,0.69485,1,1,1,2,5,0.20574,1,1,4,0,0,212.33,39
574,0.48174,0,1,1,2,3,0,0,1,2,4,1,0,212.33,40
575,0.49622,0.65829,1,1,1,2,5,0.87187,1,2,5,0,0,213.21,0
576,0.46803,0.68833,1,1,1,2,5,0.75179,1,3,5,0,0,213.96,1
577,0.47435,0.68649,1,1,1,2,5,0.92472,1,4,5,0,0,214.88,2
578,0.42244,0.62043,1,1,1,2,5,0.92119,1,5,5,0,0,215.8,3
579,0,0.54645,2,1,0,2,5,0.97622,1,6,5,0,0,216.78,4
580,0.43374,0,1,1,2,3,0,0,1,7,5,0,1,216.78,5
581,0.37324,0,1,1,1,2,0,0,1,7,5,0,1,216.78,6
582,0,0.73593,2,1,0,2,5,0.83691,1,7,5,0,0,217.62,7
583,0,0.44498,2,1,0,2,5,0.49747,1,8,5,0,0,218.11,8
584,0.50762,0.70774,1,1,2,3,4,0.61054,1,9,5,0,0,218.73,9
585,0.45812,0.59599,1,1,2,3,4,0.85746,1,10,5,0,0,219.58,10
586,0,0.69354,3,1,0,3,4,0.97605,1,11,5,0,0,220.56,11
587,0,0.47863,2,1,0,2,5,0.29439,1,12,5,0,0,220.85,12
588,0.44956,0.57786,1,1,2,3,4,0.54752,1,13,5,0,0,221.4,13
589,0.40011,0,1,1,2,3,0,0,0,0,5,1,0,221.4,14
590,0.49969,0.41037,1,1,2,3,5,0.2861,0,0,5,0,0,221.69,15
591,0,0,3,1,0,3,0,0,0,1,5,1,0,221.69,16
592,0,0.53484,2,1,0,2,4,0.73319,0,1,5,0,0,222.42,17
593,0.6189,0.42311,1,1,2,3,5,0.012394,0,2,5,0,0,222.43,18
594,0.31102,0.44686,1,1,2,3,5,0.24374,0,3,5,0,0,222.68,19
595,0,0.62217,2,1,0,2,4,0.62423,0,4,5,0,0,223.3,20
596,0,0.53235,2,1,0,2,4,0.54268,0,5,5,0,0,223.84,21
597,0.51783,0.60016,1,1,2,3,5,0.73777,0,6,5,0,0,224.58,22
598,0.55559,0.63564,1,1,2,3,5,0.95692,0,7,5,0,0,225.54,23
599,0,0,3,1,0,3,0,0,0,8,5,1,0,225.54,24
600,0.50975,0.63374,1,1,2,3,5,0.92636,0,8,5,0,0,226.46,25
