1,0.54063,0,1,1,1,2,0,0,0,0,4,1,0,0,0
2,0.41577,0,1,1,2,3,0,0,0,0,4,1,0,0,1
3,0.50429,0.56788,1,1,2,3,5,0.54148,0,0,4,0,0,0.54148,2
4,0,0,3,1,0,3,0,0,0,1,4,1,0,0.54148,3
5,0,0.46232,3,1,0,3,5,0.4529,0,1,4,0,0,0.99437,4
6,0,0,2,1,0,2,0,0,0,2,4,0,1,0.99437,5
7,0.58423,0.58756,1,1,1,2,4,0.82085,0,2,4,0,0,1.8152,6
8,0.64014,0,1,1,2,3,0,0,0,3,4,1,0,1.8152,7
9,0,0,2,1,0,2,0,0,0,3,4,1,0,1.8152,8
10,0,0,1,1,0,0,0,0,0,3,4,1,0,1.8152,9
11,0,0.7291,3,1,0,3,5,0.26292,0,3,4,0,0,2.0781,10
12,0.61828,0.73416,1,1,1,2,4,0.93689,0,4,4,0,0,3.015,11
13,0,0.64107,2,1,0,2,5,0.071403,1,0,4,0,0,3.0864,12
14,0,0.61058,3,1,0,3,4,0.98136,1,1,4,0,0,4.0678,13
15,0.52941,0.57846,1,1,2,3,4,0.99459,1,2,4,0,0,5.0624,14
16,0,0.72538,2,1,0,2,4,0.92247,0,0,4,0,0,5.9849,15
17,0,0.68063,3,1,0,3,5,0.032036,0,1,4,0,0,6.0169,16
18,0,0.70478,2,1,0,2,4,0.6669,0,2,4,0,0,6.6838,17
19,0,0,3,1,0,3,0,0,0,3,4,1,0,6.6838,18
20,0.71512,0.63521,1,1,2,3,5,0.38218,0,3,4,0,0,7.066,19
21,0,0,1,1,0,0,0,0,1,0,4,1,0,7.066,20
22,0.61332,0,1,1,1,2,0,0,1,0,4,0,1,7.066,21
23,0,0,3,1,0,3,0,0,1,0,4,1,0,7.066,22
24,0.57431,0.63549,1,1,2,3,4,0.63496,1,0,4,0,0,7.7009,23
25,0.65767,0.7232,1,1,1,2,5,0.3858,1,1,4,0,0,8.0867,24
26,0,0.6451,3,1,0,3,4,0.69645,1,2,4,0,0,8.7832,25
27,0.54366,0,1,1,1,2,0,0,0,0,4,1,0,8.7832,26
28,0.57704,0,1,1,1,2,0,0,0,0,4,1,0,8.7832,27
29,0,0,1,1,0,0,0,0,0,0,4,1,0,8.7832,28
30,0,0,2,1,0,2,0,0,0,0,4,1,0,8.7832,29
31,0,0,3,1,0,3,0,0,0,0,4,1,0,8.7832,30
32,0,0.71964,3,1,0,3,5,0.37798,0,0,4,0,0,9.1612,31
33,0.68499,0.66134,1,1,2,3,5,0.13401,0,1,4,0,0,9.2952,32
34,0,0.64978,3,1,0,3,5,0.21621,0,2,4,0,0,9.5114,33
35,0,0.44181,2,1,0,2,4,0.92044,0,3,4,0,0,10.432,34
36,0,0.43865,3,1,0,3,5,0.039556,0,4,4,0,0,10.471,35
37,0,0,3,1,0,3,0,0,1,0,4,1,0,10.471,36
38,0,0,1,1,0,0,0,0,1,0,5,1,0,10.471,0
39,0.52128,0.65078,1,1,2,3,4,0.29498,1,0,5,0,0,10.766,1
40,0,0,1,1,0,0,0,0,1,1,5,1,0,10.766,2
41,0,0,2,1,0,2,0,0,1,1,5,1,0,10.766,3
42,0.65231,0.70076,1,1,2,3,4,0.08185,1,1,5,0,0,10.848,4
43,0.54546,0.74285,1,1,2,3,4,0.17394,1,2,5,0,0,11.022,5
44,0.74999,0.45649,1,1,2,3,4,0.4341,1,3,5,0,0,11.456,6
45,0,0,2,1,0,2,0,0,0,0,5,1,0,11.456,7
46,0,0.56093,3,1,0,3,5,0.99932,0,0,5,0,0,12.456,8
47,0.68496,0.53391,1,1,2,3,5,0.92164,0,1,5,0,0,13.377,9
48,0.69427,0,1,1,1,2,0,0,0,2,5,1,0,13.377,10
49,0,0.64795,3,1,0,3,5,0.94849,0,2,5,0,0,14.326,11
50,0,0,3,1,0,3,0,0,0,3,5,0,1,14.326,12
51,0,0,1,1,0,0,0,0,0,3,5,1,0,14.326,13
52,0.52058,0.69857,1,1,1,2,4,0.46862,0,3,5,0,0,14.794,14
53,0,0.69176,2,1,0,2,4,0.31378,0,4,5,0,0,15.108,15
54,0.70829,0,1,1,1,2,0,0,0,5,5,1,0,15.108,16
55,0.60631,0.49457,1,1,1,2,4,0.1803,0,5,5,0,0,15.288,17
56,0,0.37788,3,1,0,3,4,0.23186,1,0,5,0,0,15.52,18
57,0,0,3,1,0,3,0,0,1,1,5,0,1,15.52,19
58,0,0,1,1,0,0,0,0,1,1,5,1,0,15.52,20
59,0.69904,0.69982,1,1,2,3,4,0.18165,1,1,5,0,0,15.702,21
60,0.71127,0,1,1,1,2,0,0,1,2,5,1,0,15.702,22
61,0.48666,0.56727,1,1,2,3,4,0.027738,1,2,5,0,0,15.73,23
62,0,0.68713,2,1,0,2,5,0.86782,1,3,5,0,0,16.597,24
63,0.72763,0.64079,1,1,2,3,4,0.16753,1,4,5,0,0,16.765,25
64,0,0,2,1,0,2,0,0,1,5,5,1,0,16.765,26
65,0,0.44857,2,1,0,2,5,0.80209,1,5,5,0,0,17.567,27
66,0,0.66241,3,1,0,3,5,0.84592,0,0,5,0,0,18.413,28
67,0,0,3,1,0,3,0,0,0,1,5,1,0,18.413,29
68,0,0,1,1,0,0,0,0,0,1,5,1,0,18.413,30
69,0.62174,0.63578,1,1,1,2,4,0.22983,0,1,5,0,0,18.643,31
70,0.66624,0.61052,1,1,2,3,5,0.93197,0,2,5,0,0,19.575,32
71,0.59162,0.67046,1,1,2,3,5,0.83588,0,3,5,0,0,20.411,33
72,0.50937,0.61799,1,1,1,2,5,0.81139,1,0,5,0,0,21.222,34
73,0.54341,0,1,1,1,2,0,0,1,1,5,1,0,21.222,35
74,0,0,1,1,0,0,0,0,1,1,5,1,0,21.222,36
75,0,0,3,1,0,3,0,0,1,1,4,1,0,21.222,0
76,0,0,3,1,0,3,0,0,1,1,4,1,0,21.222,1
77,0,0,1,1,0,0,0,0,1,1,4,1,0,21.222,2
78,0,0,1,1,0,0,0,0,1,1,4,1,0,21.222,3
79,0,0,1,1,0,0,0,0,1,1,4,1,0,21.222,4
80,0.45146,0.68395,1,1,2,3,4,0.64801,1,1,4,0,0,21.87,5
81,0.48179,0.66908,1,1,1,2,5,0.56031,1,2,4,0,0,22.43,6
82,0.53159,0,1,1,2,3,0,0,1,3,4,1,0,22.43,7
83,0,0,1,1,0,0,0,0,1,3,4,1,0,22.43,8
84,0,0,1,1,0,0,0,0,1,3,4,1,0,22.43,9
85,0,0,3,1,0,3,0,0,1,3,4,1,0,22.43,10
86,0.6967,0,1,1,1,2,0,0,1,3,4,1,0,22.43,11
87,0,0,1,1,0,0,0,0,1,3,4,1,0,22.43,12
88,0,0,3,1,0,3,0,0,1,3,4,1,0,22.43,13
89,0,0,1,1,0,0,0,0,1,3,4,1,0,22.43,14
90,0,0.6439,3,1,0,3,4,0.56596,1,3,4,0,0,22.996,15
91,0.48111,0.69826,1,1,2,3,4,0.57897,1,4,4,0,0,23.575,16
92,0.58165,0,1,1,1,2,0,0,1,5,4,0,1,23.575,17
93,0,0,3,1,0,3,0,0,1,5,4,1,0,23.575,18
94,0,0.56617,3,1,0,3,4,0.73804,1,5,4,0,0,24.313,19
95,0,0.66149,3,1,0,3,5,0.18475,0,0,4,0,0,24.498,20
96,0,0.68427,3,1,0,3,5,0.15476,0,1,4,0,0,24.653,21
97,0,0.44793,3,1,0,3,5,0.17512,0,2,4,0,0,24.828,22
98,0,0.53665,3,1,0,3,5,0.046904,0,3,4,0,0,24.875,23
99,0,0,1,1,0,0,0,0,1,0,4,1,0,24.875,24
100,0.53935,0,1,1,1,2,0,0,1,0,4,1,0,24.875,25
101,0.64132,0.61554,1,1,2,3,4,0.76289,1,0,4,0,0,25.638,26
102,0,0,1,1,0,0,0,0,1,1,4,1,0,25.638,27
103,0,0,2,1,0,2,0,0,1,1,4,0,1,25.638,28
104,0,0.65456,3,1,0,3,4,0.91544,1,1,4,0,0,26.553,29
105,0.60174,0,1,1,2,3,0,0,1,2,4,1,0,26.553,30
106,0.57465,0.57026,1,1,1,2,5,0.13473,1,2,4,0,0,26.688,31
107,0,0.7418,2,1,0,2,5,0.72917,1,3,4,0,0,27.417,32
108,0,0.66842,2,1,0,2,5,0.91192,1,4,4,0,0,28.329,33
109,0,0.64416,2,1,0,2,4,0.07248,0,0,4,0,0,28.402,34
110,0.68537,0.60554,1,1,2,3,5,0.74683,0,1,4,0,0,29.148,35
111,0.53496,0,1,1,2,3,0,0,0,2,4,1,0,29.148,36
112,0,0,2,1,0,2,0,0,0,2,5,0,1,29.148,0
113,0,0.61444,3,1,0,3,5,0.82883,0,2,5,0,0,29.977,1
114,0.61762,0.62058,1,1,2,3,5,0.82122,0,3,5,0,0,30.798,2
115,0,0,2,1,0,2,0,0,1,0,5,0,1,30.798,3
116,0,0.62577,3,1,0,3,4,0.081377,1,0,5,0,0,30.88,4
117,0.4611,0.48301,1,1,1,2,5,0.88933,1,1,5,0,0,31.769,5
118,0,0.69671,2,1,0,2,5,0.7605,1,2,5,0,0,32.53,6
119,0,0.57594,2,1,0,2,4,0.15194,0,0,5,0,0,32.682,7
120,0,0.68752,3,1,0,3,5,0.60885,0,1,5,0,0,33.29,8
121,0.65937,0.56853,1,1,1,2,4,0.15981,0,2,5,0,0,33.45,9
122,0.58337,0.72782,1,1,1,2,4,0.10141,0,3,5,0,0,33.552,10
123,0.42841,0.52664,1,1,2,3,5,0.98538,0,4,5,0,0,34.537,11
124,0,0.56928,3,1,0,3,5,0.98544,0,5,5,0,0,35.522,12
125,0,0.72253,3,1,0,3,4,0.13003,1,0,5,0,0,35.652,13
126,0,0.58621,3,1,0,3,4,0.063842,1,1,5,0,0,35.716,14
127,0,0,2,1,0,2,0,0,1,2,5,0,1,35.716,15
128,0,0,1,1,0,0,0,0,1,2,5,1,0,35.716,16
129,0,0.64706,3,1,0,3,4,0.064324,1,2,5,0,0,35.781,17
130,0.61917,0.60914,1,1,2,3,4,0.063154,1,3,5,0,0,35.844,18
131,0,0,2,1,0,2,0,0,1,4,5,0,1,35.844,19
132,0.72152,0.71605,1,1,1,2,5,0.9786,1,4,5,0,0,36.822,20
133,0,0,2,1,0,2,0,0,0,0,5,1,0,36.822,21
134,0,0,1,1,0,0,0,0,0,0,5,1,0,36.822,22
135,0,0,3,1,0,3,0,0,0,0,5,1,0,36.822,23
136,0.56304,0.66036,1,1,2,3,5,0.79831,0,0,5,0,0,37.621,24
137,0.62384,0,1,1,1,2,0,0,0,1,5,1,0,37.621,25
138,0,0.5909,3,1,0,3,5,0.99635,0,1,5,0,0,38.617,26
139,0.54518,0.67263,1,1,1,2,4,0.14642,0,2,5,0,0,38.763,27
140,0,0,2,1,0,2,0,0,0,3,5,1,0,38.763,28
141,0,0.60281,2,1,0,2,4,0.086122,0,3,5,0,0,38.85,29
142,0,0.44595,2,1,0,2,5,0.78038,1,0,5,0,0,39.63,30
143,0.59836,0.5977,1,1,1,2,5,0.71692,1,1,5,0,0,40.347,31
144,0,0.60838,2,1,0,2,5,0.67184,1,2,5,0,0,41.019,32
145,0.6459,0.65072,1,1,2,3,4,0.31783,1,3,5,0,0,41.337,33
146,0,0.72541,2,1,0,2,4,0.15537,0,0,5,0,0,41.492,34
147,0.58462,0.5374,1,1,1,2,4,0.16511,0,1,5,0,0,41.657,35
148,0,0,1,1,0,0,0,0,0,2,5,1,0,41.657,36
149,0,0,3,1,0,3,0,0,0,2,4,1,0,41.657,0
150,0,0,2,1,0,2,0,0,0,2,4,1,0,41.657,1
151,0,0.62549,3,1,0,3,5,0.073056,0,2,4,0,0,41.73,2
152,0,0.49446,3,1,0,3,5,0.17539,0,3,4,0,0,41.905,3
153,0.62964,0.59358,1,1,1,2,5,0.37731,1,0,4,0,0,42.283,4
154,0.65634,0.58525,1,1,1,2,5,0.30601,1,1,4,0,0,42.589,5
155,0.56387,0,1,1,1,2,0,0,1,2,4,0,1,42.589,6
156,0,0.62336,3,1,0,3,4,0.45136,1,2,4,0,0,43.04,7
157,0.5776,0.48949,1,1,1,2,4,0.4919,0,0,4,0,0,43.532,8
158,0.6925,0.67973,1,1,2,3,5,0.69218,0,1,4,0,0,44.224,9
159,0.61164,0,1,1,1,2,0,0,0,2,4,1,0,44.224,10
160,0.65659,0,1,1,2,3,0,0,0,2,4,1,0,44.224,11
161,0,0,2,1,0,2,0,0,0,2,4,1,0,44.224,12
162,0.53408,0.55839,1,1,2,3,5,0.32217,0,2,4,0,0,44.546,13
163,0.62349,0.68967,1,1,2,3,5,0.22723,0,3,4,0,0,44.774,14
164,0,0.48784,3,1,0,3,4,0.8892,1,0,4,0,0,45.663,15
165,0,0,3,1,0,3,0,0,1,1,4,1,0,45.663,16
166,0.61442,0.58637,1,1,2,3,4,0.84171,1,1,4,0,0,46.505,17
167,0,0.67934,2,1,0,2,5,0.359,1,2,4,0,0,46.864,18
168,0.5913,0.6749,1,1,2,3,4,0.7603,1,3,4,0,0,47.624,19
169,0.59404,0,1,1,2,3,0,0,1,4,4,1,0,47.624,20
170,0,0.69063,3,1,0,3,4,0.58041,1,4,4,0,0,48.204,21
171,0,0,2,1,0,2,0,0,0,0,4,1,0,48.204,22
172,0.52579,0.52454,1,1,2,3,5,0.35501,0,0,4,0,0,48.559,23
173,0.55603,0.45103,1,1,1,2,4,0.70028,0,1,4,0,0,49.26,24
174,0,0.67601,2,1,0,2,4,0.82998,0,2,4,0,0,50.09,25
175,0,0.5673,3,1,0,3,5,0.10501,0,3,4,0,0,50.195,26
176,0.41753,0.64035,1,1,1,2,5,0.097416,1,0,4,0,0,50.292,27
177,0.67639,0.45984,1,1,1,2,5,0.39143,1,1,4,0,0,50.683,28
178,0,0.63872,3,1,0,3,4,0.37493,1,2,4,0,0,51.058,29
179,0,0.72548,2,1,0,2,4,0.31151,0,0,4,0,0,51.37,30
180,0,0.7043,2,1,0,2,4,0.47748,0,1,4,0,0,51.847,31
181,0,0,1,1,0,0,0,0,0,2,4,1,0,51.847,32
182,0.52238,0.74806,1,1,2,3,5,0.32819,0,2,4,0,0,52.175,33
183,0.59807,0,1,1,1,2,0,0,0,3,4,1,0,52.175,34
184,0,0.60882,3,1,0,3,5,0.13667,0,3,4,0,0,52.312,35
185,0.54358,0.51699,1,1,1,2,5,0.33164,1,0,4,0,0,52.644,36
186,0.58204,0.64282,1,1,1,2,5,0.60565,1,1,5,0,0,53.249,0
187,0,0.64234,2,1,0,2,5,0.7704,1,2,5,0,0,54.02,1
188,0,0.56624,2,1,0,2,5,0.9946,1,3,5,0,0,55.014,2
189,0.68855,0,1,1,2,3,0,0,1,4,5,1,0,55.014,3
190,0,0.71759,3,1,0,3,4,0.031462,1,4,5,0,0,55.046,4
191,0.55705,0.57668,1,1,2,3,5,0.7821,0,0,5,0,0,55.828,5
192,0.45248,0.59241,1,1,2,3,5,0.73028,0,1,5,0,0,56.558,6
193,0,0,1,1,0,0,0,0,0,2,5,1,0,56.558,7
194,0,0.50528,3,1,0,3,5,0.23869,0,2,5,0,0,56.797,8
195,0.4967,0.73318,1,1,1,2,4,0.18471,0,3,5,0,0,56.982,9
196,0,0.57999,2,1,0,2,4,0.18078,0,4,5,0,0,57.162,10
197,0,0.57716,2,1,0,2,5,0.97266,1,0,5,0,0,58.135,11
198,0.71594,0.56376,1,1,1,2,5,0.92383,1,1,5,0,0,59.059,12
199,0,0,3,1,0,3,0,0,1,2,5,0,1,59.059,13
200,0,0.6504,3,1,0,3,4,0.024208,1,2,5,0,0,59.083,14
201,0.74781,0.65281,1,1,2,3,4,0.11793,1,3,5,0,0,59.201,15
202,0.56169,0,1,1,2,3,0,0,1,4,5,1,0,59.201,16
203,0.60073,0.48521,1,1,2,3,4,0.005326,1,4,5,0,0,59.206,17
204,0,0,1,1,0,0,0,0,0,0,5,1,0,59.206,18
205,0,0.64009,3,1,0,3,5,0.93645,0,0,5,0,0,60.143,19
206,0.51131,0.63685,1,1,2,3,5,0.90349,0,1,5,0,0,61.046,20
207,0,0,2,1,0,2,0,0,0,2,5,0,1,61.046,21
208,0,0.64041,2,1,0,2,4,0.34853,0,2,5,0,0,61.395,22
209,0.64875,0.63803,1,1,2,3,5,0.66795,0,3,5,0,0,62.063,23
210,0.48079,0.71375,1,1,2,3,5,0.60463,0,4,5,0,0,62.667,24
211,0,0.55292,3,1,0,3,5,0.6268,0,5,5,0,0,63.294,25
212,0.54421,0.52125,1,1,2,3,5,0.62441,0,6,5,0,0,63.919,26
213,0,0.5733,2,1,0,2,5,0.68999,1,0,5,0,0,64.609,27
214,0.53938,0.43699,1,1,1,2,5,0.74172,1,1,5,0,0,65.35,28
215,0,0.59362,2,1,0,2,5,0.58471,1,2,5,0,0,65.935,29
216,0,0.50923,2,1,0,2,5,0.99132,1,3,5,0,0,66.926,30
217,0,0.4443,2,1,0,2,5,0.93727,1,4,5,0,0,67.864,31
218,0.59953,0.58666,1,1,1,2,5,0.93242,1,5,5,0,0,68.796,32
219,0.57175,0,1,1,2,3,0,0,1,6,5,0,1,68.796,33
220,0,0,1,1,0,0,0,0,1,6,5,1,0,68.796,34
221,0.51498,0.61082,1,1,1,2,5,0.87855,1,6,5,0,0,69.675,35
222,0,0,2,1,0,2,0,0,1,7,5,1,0,69.675,36
223,0.64496,0.49534,1,1,1,2,5,0.096805,1,7,4,0,0,69.771,0
224,0.45365,0.60994,1,1,2,3,4,0.95366,1,8,4,0,0,70.725,1
225,0,0.69963,3,1,0,3,4,0.87252,1,9,4,0,0,71.598,2
226,0,0.6637,2,1,0,2,4,0.85055,0,0,4,0,0,72.448,3
227,0,0.53687,2,1,0,2,4,0.66985,0,1,4,0,0,73.118,4
228,0,0.65791,3,1,0,3,5,0.04077,0,2,4,0,0,73.159,5
229,0.66265,0,1,1,2,3,0,0,0,3,4,1,0,73.159,6
230,0,0.64314,2,1,0,2,4,0.95251,0,3,4,0,0,74.111,7
231,0.7277,0,1,1,1,2,0,0,0,4,4,0,1,74.111,8
232,0,0,1,1,0,0,0,0,0,4,4,1,0,74.111,9
233,0,0.60383,2,1,0,2,4,0.7814,0,4,4,0,0,74.893,10
234,0.67703,0.60303,1,1,1,2,4,0.87312,0,5,4,0,0,75.766,11
235,0,0.65327,3,1,0,3,5,0.12133,0,6,4,0,0,75.887,12
236,0,0.55576,2,1,0,2,4,0.88098,0,7,4,0,0,76.768,13
237,0,0,1,1,0,0,0,0,1,0,4,1,0,76.768,14
238,0.57961,0.73362,1,1,1,2,5,0.41299,1,0,4,0,0,77.181,15
239,0,0.60358,3,1,0,3,4,0.77032,1,1,4,0,0,77.951,16
240,0,0.60177,3,1,0,3,4,0.95987,1,2,4,0,0,78.911,17
241,0,0.69122,3,1,0,3,4,0.99164,1,3,4,0,0,79.903,18
242,0,0.63296,3,1,0,3,4,0.79208,1,4,4,0,0,80.695,19
243,0.61596,0.55171,1,1,2,3,4,0.95605,1,5,4,0,0,81.651,20
244,0.45866,0,1,1,1,2,0,0,1,6,4,0,1,81.651,21
245,0,0.72315,2,1,0,2,5,8.5e-05,1,6,4,0,0,81.651,22
246,0,0.74336,3,1,0,3,4,0.98823,1,7,4,0,0,82.639,23
247,0,0.71882,2,1,0,2,4,0.68679,0,0,4,0,0,83.326,24
248,0.61668,0.60876,1,1,2,3,5,0.36763,0,1,4,0,0,83.694,25
249,0,0.55756,3,1,0,3,5,0.25201,0,2,4,0,0,83.946,26
250,0.55107,0.62626,1,1,2,3,5,0.032426,0,3,4,0,0,83.978,27
251,0,0.61103,3,1,0,3,5,0.010351,0,4,4,0,0,83.989,28
252,0.52003,0.61142,1,1,2,3,5,0.014738,0,5,4,0,0,84.003,29
253,0.5596,0.47658,1,1,1,2,4,0.80646,0,6,4,0,0,84.81,30
254,0.58028,0.44637,1,1,2,3,5,0.2831,0,7,4,0,0,85.093,31
255,0.54938,0.39411,1,1,1,2,4,0.73949,0,8,4,0,0,85.832,32
256,0.53046,0,1,1,2,3,0,0,0,9,4,1,0,85.832,33
257,0.66105,0.4152,1,1,2,3,5,0.27517,0,9,4,0,0,86.108,34
258,0,0.71275,2,1,0,2,5,0.45412,1,0,4,0,0,86.562,35
259,0,0,2,1,0,2,0,0,1,1,4,1,0,86.562,36
260,0,0,2,1,0,2,0,0,1,1,5,1,0,86.562,0
261,0,0,3,1,0,3,0,0,1,1,5,1,0,86.562,1
262,0,0.59024,3,1,0,3,4,0.075475,1,1,5,0,0,86.637,2
263,0.71505,0.62603,1,1,1,2,5,0.85446,1,2,5,0,0,87.492,3
264,0,0.53139,3,1,0,3,4,0.17368,1,3,5,0,0,87.665,4
265,0,0.53422,2,1,0,2,5,0.88087,1,4,5,0,0,88.546,5
266,0,0.65568,2,1,0,2,5,0.94427,1,5,5,0,0,89.49,6
267,0.59602,0.557,1,1,2,3,4,0.24244,1,6,5,0,0,89.733,7
268,0.54278,0.44391,1,1,1,2,5,0.91591,1,7,5,0,0,90.649,8
269,0.55468,0.42433,1,1,1,2,4,0.032784,0,0,5,0,0,90.682,9
270,0.53966,0.48854,1,1,2,3,5,0.8791,0,1,5,0,0,91.561,10
271,0,0.72172,2,1,0,2,4,0.009533,0,2,5,0,0,91.57,11
272,0.60226,0.64329,1,1,1,2,4,0.14866,0,3,5,0,0,91.719,12
273,0,0,2,1,0,2,0,0,0,4,5,1,0,91.719,13
274,0.65308,0.55299,1,1,2,3,5,0.8478,0,4,5,0,0,92.567,14
275,0,0.60612,2,1,0,2,4,0.014993,0,5,5,0,0,92.582,15
276,0.57812,0.63141,1,1,2,3,5,0.91052,0,6,5,0,0,93.492,16
277,0.55405,0.60274,1,1,1,2,5,0.84035,1,0,5,0,0,94.333,17
278,0.55057,0,1,1,2,3,0,0,1,1,5,1,0,94.333,18
279,0.54812,0.41634,1,1,2,3,4,0.19464,1,1,5,0,0,94.527,19
280,0,0.54332,3,1,0,3,4,0.24978,1,2,5,0,0,94.777,20
281,0.59469,0.373,1,1,1,2,5,0.75842,1,3,5,0,0,95.535,21
282,0.59252,0.49684,1,1,1,2,5,0.88799,1,4,5,0,0,96.423,22
283,0.62032,0.73015,1,1,2,3,4,0.041039,1,5,5,0,0,96.464,23
284,0.55098,0.38169,1,1,1,2,5,0.60405,1,6,5,0,0,97.068,24
285,0,0.60388,2,1,0,2,5,0.88139,1,7,5,0,0,97.95,25
286,0,0.55238,3,1,0,3,4,0.015495,1,8,5,0,0,97.965,26
287,0.73498,0.6673,1,1,2,3,4,0.4612,1,9,5,0,0,98.427,27
288,0,0.71635,3,1,0,3,5,0.62853,0,0,5,0,0,99.055,28
289,0.62039,0.67678,1,1,2,3,5,0.93575,0,1,5,0,0,99.991,29
290,0.55183,0.61284,1,1,1,2,4,0.096537,0,2,5,0,0,100.09,30
291,0,0,3,1,0,3,0,0,0,3,5,1,0,100.09,31
292,0,0,1,1,0,0,0,0,0,3,5,1,0,100.09,32
293,0,0.74675,3,1,0,3,5,0.82669,0,3,5,0,0,100.91,33
294,0.47897,0.58442,1,1,2,3,5,0.83866,0,4,5,0,0,101.75,34
295,0.51475,0.57751,1,1,2,3,5,0.83688,0,5,5,0,0,102.59,35
296,0,0.6008,2,1,0,2,4,0.13121,0,6,5,0,0,102.72,36
297,0.58302,0.53149,1,1,2,3,5,0.026721,0,7,4,0,0,102.75,0
298,0,0.60418,2,1,0,2,4,0.92351,0,8,4,0,0,103.67,1
299,0.55043,0.46975,1,1,2,3,4,0.90983,1,0,4,0,0,104.58,2
300,0,0.58654,3,1,0,3,4,0.88778,1,1,4,0,0,105.47,3
301,0,0,2,1,0,2,0,0,1,2,4,1,0,105.47,4
302,0.64802,0.59974,1,1,1,2,5,0.24139,1,2,4,0,0,105.71,5
303,0.58589,0.47428,1,1,1,2,5,0.38085,1,3,4,0,0,106.09,6
304,0.59824,0.43464,1,1,1,2,5,0.4178,1,4,4,0,0,106.51,7
305,0.50738,0.4111,1,1,1,2,5,0.19427,1,5,4,0,0,106.7,8
306,0.49506,0,1,1,1,2,0,0,1,6,4,1,0,106.7,9
307,0,0,3,1,0,3,0,0,1,6,4,1,0,106.7,10
308,0,0.55257,2,1,0,2,5,0.031548,1,6,4,0,0,106.73,11
309,0,0.47823,3,1,0,3,4,0.79755,1,7,4,0,0,107.53,12
310,0.67868,0.61645,1,1,2,3,4,0.82943,1,8,4,0,0,108.36,13
311,0,0.54366,3,1,0,3,5,0.038371,0,0,4,0,0,108.4,14
312,0,0,1,1,0,0,0,0,0,1,4,1,0,108.4,15
313,0,0.61462,3,1,0,3,5,0.024886,0,1,4,0,0,108.42,16
314,0.51209,0.68675,1,1,2,3,5,0.099154,0,2,4,0,0,108.52,17
315,0,0,2,1,0,2,0,0,0,3,4,1,0,108.52,18
316,0,0.63397,3,1,0,3,5,0.2313,0,3,4,0,0,108.76,19
317,0.62381,0,1,1,1,2,0,0,0,4,4,0,1,108.76,20
318,0.70143,0.67944,1,1,2,3,5,0.40674,0,4,4,0,0,109.16,21
319,0,0.52411,3,1,0,3,5,0.43667,0,5,4,0,0,109.6,22
320,0,0.63048,2,1,0,2,4,0.62492,0,6,4,0,0,110.22,23
321,0,0,2,1,0,2,0,0,1,0,4,0,1,110.22,24
322,0,0.65999,3,1,0,3,4,0.49484,1,0,4,0,0,110.72,25
323,0,0.62607,3,1,0,3,4,0.48986,1,1,4,0,0,111.21,26
324,0.73905,0.54166,1,1,1,2,5,0.51889,1,2,4,0,0,111.73,27
325,0,0.6487,2,1,0,2,5,0.43225,1,3,4,0,0,112.16,28
326,0,0.7177,3,1,0,3,4,0.9521,1,4,4,0,0,113.11,29
327,0,0.69628,2,1,0,2,5,0.001293,1,5,4,0,0,113.11,30
328,0,0.66814,3,1,0,3,4,0.98591,1,6,4,0,0,114.1,31
329,0,0,1,1,0,0,0,0,1,7,4,1,0,114.1,32
330,0.63814,0.71558,1,1,2,3,4,0.90073,1,7,4,0,0,115,33
331,0.60416,0,1,1,2,3,0,0,1,8,4,1,0,115,34
332,0,0.67005,2,1,0,2,5,0.51133,1,8,4,0,0,115.51,35
333,0.65492,0,1,1,1,2,0,0,1,9,4,0,1,115.51,36
334,0,0,2,1,0,2,0,0,1,9,5,1,0,115.51,0
335,0.69993,0.63766,1,1,1,2,5,0.92325,1,9,5,0,0,116.43,1
336,0,0,2,1,0,2,0,0,0,0,5,1,0,116.43,2
337,0,0.75278,3,1,0,3,5,0.77454,0,0,5,0,0,117.21,3
338,0.55881,0,1,1,1,2,0,0,0,1,5,1,0,117.21,4
339,0,0.56477,3,1,0,3,5,0.687,0,1,5,0,0,117.9,5
340,0.46654,0.5863,1,1,1,2,4,0.30978,0,2,5,0,0,118.21,6
341,0.48487,0.61772,1,1,1,2,4,0.35375,0,3,5,0,0,118.56,7
342,0.48597,0.594,1,1,1,2,4,0.27368,0,4,5,0,0,118.83,8
343,0,0,3,1,0,3,0,0,0,5,5,1,0,118.83,9
344,0,0,1,1,0,0,0,0,0,5,5,1,0,118.83,10
345,0.51557,0,1,1,2,3,0,0,0,5,5,1,0,118.83,11
346,0,0.6166,3,1,0,3,5,0.97387,0,5,5,0,0,119.81,12
347,0.51239,0.38856,1,1,1,2,4,0.36837,0,6,5,0,0,120.17,13
348,0.56093,0.62544,1,1,2,3,4,0.34116,1,0,5,0,0,120.52,14
349,0.61827,0.44203,1,1,1,2,5,0.72975,1,1,5,0,0,121.25,15
350,0,0.52776,3,1,0,3,4,0.3492,1,2,5,0,0,121.6,16
351,0.57644,0,1,1,2,3,0,0,1,3,5,1,0,121.6,17
352,0.58054,0.58761,1,1,1,2,5,0.67233,1,3,5,0,0,122.27,18
353,0.68514,0.45114,1,1,1,2,5,0.69957,1,4,5,0,0,122.97,19
354,0.61445,0.39406,1,1,2,3,4,0.34208,1,5,5,0,0,123.31,20
355,0,0.57841,3,1,0,3,4,0.00145,1,6,5,0,0,123.31,21
356,0.64293,0,1,1,1,2,0,0,0,0,5,0,1,123.31,22
357,0.63961,0.39749,1,1,1,2,4,0.003037,0,0,5,0,0,123.31,23
358,0,0.657,3,1,0,3,5,0.95498,0,1,5,0,0,124.27,24
359,0,0.60488,2,1,0,2,4,0.21925,0,2,5,0,0,124.49,25
360,0.55561,0.35957,1,1,1,2,4,0.10073,0,3,5,0,0,124.59,26
361,0,0.7071,3,1,0,3,5,0.883,0,4,5,0,0,125.47,27
362,0,0.67566,3,1,0,3,5,0.82328,0,5,5,0,0,126.29,28
363,0,0,2,1,0,2,0,0,0,6,5,0,1,126.29,29
364,0,0.56934,3,1,0,3,5,0.59417,0,6,5,0,0,126.89,30
365,0,0.71286,2,1,0,2,5,0.58968,1,0,5,0,0,127.48,31
366,0.72332,0.61468,1,1,2,3,4,0.34154,1,1,5,0,0,127.82,32
367,0.68453,0,1,1,2,3,0,0,1,2,5,1,0,127.82,33
368,0,0.58641,3,1,0,3,4,0.42279,1,2,5,0,0,128.24,34
369,0.54036,0.42889,1,1,2,3,4,0.28142,1,3,5,0,0,128.52,35
370,0.42973,0.68077,1,1,2,3,4,0.16495,1,4,5,0,0,128.69,36
371,0,0.61081,2,1,0,2,5,0.041024,1,5,4,0,0,128.73,0
372,0.54366,0.5695,1,1,1,2,5,0.25612,1,6,4,0,0,128.99,1
373,0.64104,0.47049,1,1,1,2,5,0.40077,1,7,4,0,0,129.39,2
374,0,0.66246,3,1,0,3,4,0.59895,1,8,4,0,0,129.99,3
375,0,0,1,1,0,0,0,0,1,9,4,1,0,129.99,4
376,0,0.63605,3,1,0,3,4,0.92747,1,9,4,0,0,130.91,5
377,0,0,2,1,0,2,0,0,0,0,4,0,1,130.91,6
378,0,0,3,1,0,3,0,0,0,0,4,0,1,130.91,7
379,0.74283,0.58776,1,1,2,3,5,0.02759,0,0,4,0,0,130.94,8
380,0.52393,0.44591,1,1,2,3,5,0.12327,0,1,4,0,0,131.06,9
381,0,0,1,1,0,0,0,0,0,2,4,1,0,131.06,10
382,0,0.60134,3,1,0,3,5,0.070137,0,2,4,0,0,131.13,11
383,0.65838,0,1,1,1,2,0,0,0,3,4,1,0,131.13,12
384,0.67718,0.69754,1,1,2,3,5,0.046051,0,3,4,0,0,131.18,13
385,0.65164,0.42962,1,1,1,2,4,0.83923,0,4,4,0,0,132.02,14
386,0,0.71125,3,1,0,3,5,0.092101,0,5,4,0,0,132.11,15
387,0,0.56548,2,1,0,2,4,0.78752,0,6,4,0,0,132.9,16
388,0,0,3,1,0,3,0,0,0,7,4,1,0,132.9,17
389,0.55608,0.38847,1,1,1,2,4,0.66796,0,7,4,0,0,133.57,18
390,0,0.57443,3,1,0,3,4,0.95444,1,0,4,0,0,134.52,19
391,0.57845,0,1,1,1,2,0,0,1,1,4,0,1,134.52,20
392,0.6904,0.39314,1,1,1,2,5,0.21829,1,1,4,0,0,134.74,21
393,0.499,0.7036,1,1,2,3,4,0.94746,1,2,4,0,0,135.69,22
394,0.51979,0.58175,1,1,2,3,4,0.83178,1,3,4,0,0,136.52,23
395,0,0.56427,3,1,0,3,4,0.93242,1,4,4,0,0,137.45,24
396,0.50098,0.60293,1,1,1,2,5,0.092114,1,5,4,0,0,137.54,25
397,0.48271,0,1,1,1,2,0,0,1,6,4,0,1,137.54,26
398,0.53128,0.62881,1,1,2,3,4,0.95657,1,6,4,0,0,138.5,27
399,0,0.4991,3,1,0,3,4,0.55971,1,7,4,0,0,139.06,28
400,0,0.72762,3,1,0,3,5,0.352,0,0,4,0,0,139.41,29
401,0,0.69048,3,1,0,3,5,0.17278,0,1,4,0,0,139.59,30
402,0,0.51436,2,1,0,2,4,0.98477,0,2,4,0,0,140.57,31
403,0,0.66897,3,1,0,3,5,0.12272,0,3,4,0,0,140.69,32
404,0.6637,0,1,1,1,2,0,0,0,4,4,1,0,140.69,33
405,0.5822,0,1,1,2,3,0,0,0,4,4,1,0,140.69,34
406,0,0.60026,2,1,0,2,4,0.82775,0,4,4,0,0,141.52,35
407,0.59472,0.61814,1,1,2,3,5,0.031759,0,5,4,0,0,141.55,36
408,0,0.61596,2,1,0,2,4,0.079204,0,6,5,0,0,141.63,0
409,0.69627,0.63171,1,1,2,3,5,0.74634,0,7,5,0,0,142.38,1
410,0.54583,0,1,1,1,2,0,0,0,8,5,1,0,142.38,2
411,0,0.62147,2,1,0,2,4,0.23141,0,8,5,0,0,142.61,3
412,0.6035,0.60351,1,1,2,3,4,0.027386,1,0,5,0,0,142.64,4
413,0,0.61899,2,1,0,2,5,0.6977,1,1,5,0,0,143.33,5
414,0.53935,0,1,1,2,3,0,0,1,2,5,0,1,143.33,6
415,0.57837,0.67766,1,1,1,2,5,0.94308,1,2,5,0,0,144.28,7
416,0,0.62326,2,1,0,2,5,0.8766,1,3,5,0,0,145.15,8
417,0,0.48805,3,1,0,3,4,0.045161,1,4,5,0,0,145.2,9
418,0.60309,0.67987,1,1,2,3,4,0.09416,1,5,5,0,0,145.29,10
419,0.54383,0,1,1,1,2,0,0,1,6,5,1,0,145.29,11
420,0,0,2,1,0,2,0,0,1,6,5,1,0,145.29,12
421,0,0.74632,3,1,0,3,4,0.16787,1,6,5,0,0,145.46,13
422,0,0.61049,2,1,0,2,5,0.80923,1,7,5,0,0,146.27,14
423,0,0.69659,2,1,0,2,5,0.94822,1,8,5,0,0,147.22,15
424,0,0,1,1,0,0,0,0,1,9,5,1,0,147.22,16
425,0,0.59347,3,1,0,3,4,0.15163,1,9,5,0,0,147.37,17
426,0,0.62565,3,1,0,3,4,0.14137,1,10,5,0,0,147.51,18
427,0.64501,0.67479,1,1,2,3,5,0.95372,0,0,5,0,0,148.47,19
428,0,0.64363,2,1,0,2,4,0.24525,0,1,5,0,0,148.71,20
429,0.65637,0.66113,1,1,1,2,4,0.24977,0,2,5,0,0,148.96,21
430,0,0.51487,3,1,0,3,5,0.76033,0,3,5,0,0,149.72,22
431,0.59365,0.67657,1,1,2,3,5,0.65714,0,4,5,0,0,150.38,23
432,0,0.61073,2,1,0,2,4,0.5063,0,5,5,0,0,150.88,24
433,0,0.65249,2,1,0,2,4,0.30632,0,6,5,0,0,151.19,25
434,0.50392,0,1,1,2,3,0,0,0,7,5,1,0,151.19,26
435,0,0.71747,3,1,0,3,5,0.76742,0,7,5,0,0,151.96,27
436,0,0.51955,3,1,0,3,5,0.92655,0,8,5,0,0,152.88,28
437,0.62154,0,1,1,1,2,0,0,0,9,5,0,1,152.88,29
438,0.59658,0.72904,1,1,2,3,5,0.8348,0,9,5,0,0,153.72,30
439,0.53479,0.48573,1,1,2,3,5,0.9025,0,10,5,0,0,154.62,31
440,0,0.73267,2,1,0,2,4,0.05552,0,11,5,0,0,154.68,32
441,0.61223,0.60318,1,1,2,3,4,0.18869,1,0,5,0,0,154.87,33
442,0.50513,0.6371,1,1,2,3,4,0.37486,1,1,5,0,0,155.24,34
443,0,0.58472,3,1,0,3,4,0.21731,1,2,5,0,0,155.46,35
444,0.55483,0.45009,1,1,1,2,5,0.83567,1,3,5,0,0,156.29,36
445,0,0,3,1,0,3,0,0,1,4,4,0,1,156.29,0
446,0,0.65087,2,1,0,2,5,0.13446,1,4,4,0,0,156.43,1
447,0.50862,0.57005,1,1,2,3,4,0.88845,1,5,4,0,0,157.32,2
448,0,0.65608,2,1,0,2,5,0.036248,1,6,4,0,0,157.35,3
449,0.57116,0,1,1,1,2,0,0,1,7,4,1,0,157.35,4
450,0,0.6617,2,1,0,2,5,0.24643,1,7,4,0,0,157.6,5
451,0.51501,0.60594,1,1,1,2,5,0.067099,1,8,4,0,0,157.67,6
452,0,0.49514,2,1,0,2,5,0.10224,1,9,4,0,0,157.77,7
453,0.56075,0.6389,1,1,2,3,4,0.90538,1,10,4,0,0,158.67,8
454,0,0.55117,2,1,0,2,5,0.21148,1,11,4,0,0,158.89,9
455,0,0.48194,2,1,0,2,5,0.054292,1,12,4,0,0,158.94,10
456,0,0.53531,2,1,0,2,4,0.94241,0,0,4,0,0,159.88,11
457,0.5584,0,1,1,2,3,0,0,0,1,4,1,0,159.88,12
458,0.55927,0.66742,1,1,1,2,4,0.93162,0,1,4,0,0,160.81,13
459,0,0.6777,3,1,0,3,5,0.23633,0,2,4,0,0,161.05,14
460,0.53503,0,1,1,1,2,0,0,0,3,4,1,0,161.05,15
461,0.54141,0.56268,1,1,2,3,5,0.30425,0,3,4,0,0,161.35,16
462,0.53505,0,1,1,1,2,0,0,0,4,4,0,1,161.35,17
463,0.6442,0.52551,1,1,2,3,5,0.1596,0,4,4,0,0,161.51,18
464,0,0.58647,2,1,0,2,4,0.97546,0,5,4,0,0,162.49,19
465,0.53818,0.58299,1,1,1,2,4,0.80148,0,6,4,0,0,163.29,20
466,0,0.53946,2,1,0,2,4,0.50346,0,7,4,0,0,163.79,21
467,0,0.49796,2,1,0,2,4,0.60633,0,8,4,0,0,164.4,22
468,0,0.58123,2,1,0,2,4,0.5057,0,9,4,0,0,164.91,23
469,0,0.68491,3,1,0,3,5,0.55034,0,10,4,0,0,165.46,24
470,0,0.66811,2,1,0,2,4,0.71823,0,11,4,0,0,166.17,25
471,0.63477,0.41929,1,1,1,2,4,0.82633,0,12,4,0,0,167,26
472,0,0,2,1,0,2,0,0,1,0,4,1,0,167,27
473,0,0,1,1,0,0,0,0,1,0,4,1,0,167,28
474,0.66667,0.61737,1,1,1,2,5,0.14153,1,0,4,0,0,167.14,29
475,0.53845,0,1,1,2,3,0,0,1,1,4,0,1,167.14,30
476,0,0.5819,3,1,0,3,4,0.943,1,1,4,0,0,168.09,31
477,0.50722,0.39304,1,1,1,2,5,0.026385,1,2,4,0,0,168.11,32
478,0,0.65485,3,1,0,3,4,0.81928,1,3,4,0,0,168.93,33
479,0,0.52465,2,1,0,2,5,0.15874,1,4,4,0,0,169.09,34
480,0.49545,0.65772,1,1,1,2,5,0.098341,1,5,4,0,0,169.19,35
481,0.4354,0.38353,1,1,1,2,5,0.060414,1,6,4,0,0,169.25,36
482,0.48281,0.51775,1,1,1,2,5,0.92107,1,7,5,0,0,170.17,0
483,0.48098,0.40521,1,1,1,2,5,0.8467,1,8,5,0,0,171.02,1
484,0.45676,0.68841,1,1,2,3,4,0.046068,1,9,5,0,0,171.06,2
485,0.5379,0.54634,1,1,2,3,4,0.094762,1,10,5,0,0,171.16,3
486,0,0.51731,3,1,0,3,4,1.5e-05,1,11,5,0,0,171.16,4
487,0.57785,0.59741,1,1,1,2,5,0.95046,1,12,5,0,0,172.11,5
488,0.48983,0.58808,1,1,1,2,4,0.17957,0,0,5,0,0,172.29,6
489,0.4682,0.37398,1,1,1,2,4,0.13394,0,1,5,0,0,172.42,7
490,0.45032,0.48566,1,1,1,2,4,0.2115,0,2,5,0,0,172.63,8
491,0,0,2,1,0,2,0,0,0,3,5,0,1,172.63,9
492,0,0,2,1,0,2,0,0,0,3,5,1,0,172.63,10
493,0,0.61001,2,1,0,2,4,0.1829,0,3,5,0,0,172.82,11
494,0.6448,0.51573,1,1,2,3,5,0.78281,0,4,5,0,0,173.6,12
495,0,0.61084,2,1,0,2,4,0.065879,0,5,5,0,0,173.66,13
496,0.59192,0.49301,1,1,1,2,4,0.026918,0,6,5,0,0,173.69,14
497,0.53697,0.51067,1,1,1,2,4,0.13441,0,7,5,0,0,173.83,15
498,0,0,3,1,0,3,0,0,0,8,5,0,1,173.83,16
499,0.68199,0,1,1,2,3,0,0,0,8,5,1,0,173.83,17
500,0,0.58463,3,1,0,3,5,0.74187,0,8,5,0,0,174.57,18
501,0,0.56137,2,1,0,2,4,0.081503,0,9,5,0,0,174.65,19
502,0,0.56654,2,1,0,2,4,0.13426,0,10,5,0,0,174.78,20
503,0,0.46178,2,1,0,2,4,0.015782,0,11,5,0,0,174.8,21
504,0,0.57559,2,1,0,2,5,0.95449,1,0,5,0,0,175.75,22
505,0.60464,0.38807,1,1,1,2,5,0.8809,1,1,5,0,0,176.63,23
506,0.59063,0.49251,1,1,1,2,5,0.78252,1,2,5,0,0,177.42,24
507,0,0.66168,3,1,0,3,4,0.22419,1,3,5,0,0,177.64,25
508,0.61,0.55019,1,1,2,3,4,0.28731,1,4,5,0,0,177.93,26
509,0,0.54618,3,1,0,3,4,0.56286,1,5,5,0,0,178.49,27
510,0.67127,0.62777,1,1,1,2,5,0.53239,1,6,5,0,0,179.02,28
511,0,0.65986,2,1,0,2,5,0.83305,1,7,5,0,0,179.86,29
512,0,0.47575,3,1,0,3,4,0.014495,1,8,5,0,0,179.87,30
513,0,0,3,1,0,3,0,0,1,9,5,1,0,179.87,31
514,0,0.58481,2,1,0,2,5,0.89369,1,9,5,0,0,180.77,32
515,0,0,2,1,0,2,0,0,1,10,5,1,0,180.77,33
516,0,0.44783,2,1,0,2,5,0.59914,1,10,5,0,0,181.36,34
517,0.70353,0.64593,1,1,2,3,4,0.086172,1,11,5,0,0,181.45,35
518,0,0.64602,3,1,0,3,5,0.90937,0,0,5,0,0,182.36,36
519,0,0,3,1,0,3,0,0,0,1,4,0,1,182.36,0
520,0.70563,0.624,1,1,1,2,4,0.65845,0,1,4,0,0,183.02,1
521,0.63556,0.3986,1,1,2,3,5,0.24164,0,2,4,0,0,183.26,2
522,0.61777,0.65037,1,1,1,2,4,0.81462,0,3,4,0,0,184.07,3
523,0,0.58718,3,1,0,3,5,0.006579,0,4,4,0,0,184.08,4
524,0,0.53577,2,1,0,2,4,0.81344,0,5,4,0,0,184.89,5
525,0,0.57426,3,1,0,3,5,0.25942,0,6,4,0,0,185.15,6
526,0,0,1,1,0,0,0,0,0,7,4,1,0,185.15,7
527,0.51496,0,1,1,1,2,0,0,0,7,4,1,0,185.15,8
528,0,0.62713,3,1,0,3,5,0.13156,0,7,4,0,0,185.29,9
529,0,0.5827,3,1,0,3,5,0.21768,0,8,4,0,0,185.5,10
530,0,0.65569,2,1,0,2,4,0.95928,0,9,4,0,0,186.46,11
531,0.71928,0.49124,1,1,2,3,5,0.12384,0,10,4,0,0,186.59,12
532,0,0,1,1,0,0,0,0,0,11,4,1,0,186.59,13
533,0.55885,0.60719,1,1,2,3,5,0.23971,0,11,4,0,0,186.83,14
534,0,0.58349,3,1,0,3,4,0.86486,1,0,4,0,0,187.69,15
535,0.53384,0.5908,1,1,2,3,4,0.97482,1,1,4,0,0,188.67,16
536,0,0,3,1,0,3,0,0,1,2,4,0,1,188.67,17
537,0,0,1,1,0,0,0,0,1,2,4,1,0,188.67,18
538,0,0,2,1,0,2,0,0,1,2,4,0,1,188.67,19
539,0.5131,0.54288,1,1,2,3,4,0.8775,1,2,4,0,0,189.54,20
540,0,0.57783,2,1,0,2,5,0.027171,1,3,4,0,0,189.57,21
541,0,0.60537,2,1,0,2,5,0.02074,1,4,4,0,0,189.59,22
542,0.64952,0.57357,1,1,2,3,4,0.81613,1,5,4,0,0,190.41,23
543,0,0.63808,2,1,0,2,5,0.14144,1,6,4,0,0,190.55,24
544,0.66662,0,1,1,2,3,0,0,1,7,4,1,0,190.55,25
545,0,0.64014,2,1,0,2,5,0.28714,1,7,4,0,0,190.84,26
546,0,0.58566,3,1,0,3,4,0.88998,1,8,4,0,0,191.73,27
547,0.58034,0.62466,1,1,1,2,5,0.57581,1,9,4,0,0,192.3,28
548,0.6383,0,1,1,1,2,0,0,1,10,4,1,0,192.3,29
549,0,0.48791,2,1,0,2,5,0.75151,1,10,4,0,0,193.05,30
550,0,0.47751,2,1,0,2,5,0.64417,1,11,4,0,0,193.7,31
551,0,0,1,1,0,0,0,0,1,12,4,1,0,193.7,32
552,0.55175,0.64855,1,1,1,2,5,0.026256,1,12,4,0,0,193.72,33
553,0.51792,0.73826,1,1,1,2,4,0.79844,0,0,4,0,0,194.52,34
554,0,0.60358,3,1,0,3,5,0.1582,0,1,4,0,0,194.68,35
555,0.60535,0,1,1,2,3,0,0,0,2,4,1,0,194.68,36
556,0.46976,0.55481,1,1,1,2,4,0.009416,0,2,5,0,0,194.69,0
557,0,0.58261,2,1,0,2,4,0.16319,0,3,5,0,0,194.85,1
558,0.4801,0.44033,1,1,2,3,5,0.88762,0,4,5,0,0,195.74,2
559,0,0,3,1,0,3,0,0,0,5,5,1,0,195.74,3
560,0.72208,0.45298,1,1,1,2,4,0.16883,0,5,5,0,0,195.91,4
561,0,0.73133,2,1,0,2,4,0.022486,0,6,5,0,0,195.93,5
562,0,0.55187,2,1,0,2,4,0.11057,0,7,5,0,0,196.04,6
563,0.5954,0.64129,1,1,1,2,4,0.19386,0,8,5,0,0,196.24,7
564,0.56799,0.40933,1,1,1,2,4,0.1517,0,9,5,0,0,196.39,8
565,0,0.52516,2,1,0,2,4,0.41625,0,10,5,0,0,196.8,9
566,0,0.50845,2,1,0,2,5,0.4806,1,0,5,0,0,197.28,10
567,0,0,3,1,0,3,0,0,1,1,5,0,1,197.28,11
568,0.47706,0.59151,1,1,1,2,5,0.5746,1,1,5,0,0,197.86,12
569,0.69906,0.61309,1,1,2,3,4,0.53771,1,2,5,0,0,198.4,13
570,0,0.53629,3,1,0,3,4,0.25669,1,3,5,0,0,198.65,14
571,0,0,1,1,0,0,0,0,1,4,5,1,0,198.65,15
572,0.57405,0.48192,1,1,1,2,5,0.90569,1,4,5,0,0,199.56,16
573,0,0.70071,2,1,0,2,5,0.94598,1,5,5,0,0,200.51,17
574,0,0,2,1,0,2,0,0,1,6,5,1,0,200.51,18
575,0.63356,0.70262,1,1,2,3,4,0.3124,1,6,5,0,0,200.82,19
576,0,0,2,1,0,2,0,0,1,7,5,1,0,200.82,20
577,0,0.6762,2,1,0,2,5,0.6888,1,7,5,0,0,201.51,21
578,0,0,2,1,0,2,0,0,1,8,5,1,0,201.51,22
579,0.63416,0.49403,1,1,1,2,5,0.63825,1,8,5,0,0,202.14,23
580,0,0,2,1,0,2,0,0,1,9,5,1,0,202.14,24
581,0,0.56644,3,1,0,3,4,0.051716,1,9,5,0,0,202.2,25
582,0,0.68341,3,1,0,3,4,0.22162,1,10,5,0,0,202.42,26
583,0,0.75078,3,1,0,3,5,0.95905,0,0,5,0,0,203.38,27
584,0.61237,0.57625,1,1,2,3,5,0.98586,0,1,5,0,0,204.36,28
585,0.48836,0.59806,1,1,2,3,5,0.8637,0,2,5,0,0,205.23,29
586,0.56674,0,1,1,1,2,0,0,0,3,5,1,0,205.23,30
587,0.66337,0.54891,1,1,2,3,5,0.74963,0,3,5,0,0,205.98,31
588,0.62203,0.60721,1,1,2,3,5,0.91669,0,4,5,0,0,206.89,32
589,0,0.58264,3,1,0,3,5,0.75161,0,5,5,0,0,207.64,33
590,0.53272,0.67199,1,1,1,2,4,0.19046,0,6,5,0,0,207.84,34
591,0,0.58156,3,1,0,3,5,0.66083,0,7,5,0,0,208.5,35
592,0.67921,0.64088,1,1,2,3,5,0.78124,0,8,5,0,0,209.28,36
593,0.56405,0,1,1,1,2,0,0,0,9,4,0,1,209.28,0
594,0.50312,0.64292,1,1,1,2,4,0.66773,0,9,4,0,0,209.95,1
595,0.5091,0.59138,1,1,1,2,4,0.81683,0,10,4,0,0,210.76,2
596,0.4617,0.62891,1,1,2,3,4,0.79869,1,0,4,0,0,211.56,3
597,0,0.63091,2,1,0,2,5,0.020775,1,1,4,0,0,211.58,4
598,0,0.48998,2,1,0,2,5,0.26244,1,2,4,0,0,211.84,5
599,0,0.6331,3,1,0,3,4,0.76279,1,3,4,0,0,212.61,6
600,0,0.53645,2,1,0,2,5,0.00903,1,4,4,0,0,212.62,7
