1,0.61266,0.63058,1,1,1,2,4,0.5,0,0,5,0,0,0.5,0
2,0.4148,0.55086,1,1,2,3,5,0.46279,0,1,5,0,0,0.96279,1
3,0.52282,0.55741,1,1,2,3,5,0.37495,0,2,5,0,0,1.3377,2
4,0.48017,0.44925,1,1,2,3,5,0.13797,0,3,5,0,0,1.4757,3
5,0,0.68205,3,1,0,3,5,0.46253,0,4,5,0,0,1.9382,4
6,0.52641,0.46905,1,1,1,2,4,0.5899,0,5,5,0,0,2.5281,5
7,0.48243,0.60296,1,1,1,2,4,0.43056,0,6,5,0,0,2.9587,6
8,0,0.61591,2,1,0,2,4,0.26393,0,7,5,0,0,3.2226,7
9,0.5789,0,1,1,1,2,0,0,1,0,5,0,1,3.2226,8
10,0.58834,0.46809,1,1,1,2,5,0.92667,1,0,5,0,0,4.1493,9
11,0,0.66447,3,1,0,3,4,0.15457,1,1,5,0,0,4.3039,10
12,0,0.59121,2,1,0,2,5,0.95425,1,2,5,0,0,5.2581,11
13,0.56975,0.42836,1,1,1,2,5,0.88661,1,3,5,0,0,6.1447,12
14,0,0.63127,2,1,0,2,5,0.49624,1,4,5,0,0,6.641,13
15,0.42551,0.44263,1,1,1,2,5,0.54772,1,5,5,0,0,7.1887,14
16,0.46395,0.40285,1,1,1,2,5,0.79741,1,6,5,0,0,7.9861,15
17,0,0.57176,3,1,0,3,4,0.071175,1,7,5,0,0,8.0573,16
18,0.5774,0.4388,1,1,1,2,5,0.97096,1,8,5,0,0,9.0282,17
19,0.49009,0,1,1,1,2,0,0,0,0,5,0,1,9.0282,18
20,0,0.64442,3,1,0,3,5,0.7539,0,0,5,0,0,9.7821,19
21,0.4663,0.48114,1,1,1,2,4,0.58025,0,1,5,0,0,10.362,20
22,0,0.64794,3,1,0,3,5,0.53797,0,2,5,0,0,10.9,21
23,0.47111,0.42461,1,1,1,2,4,0.24626,0,3,5,0,0,11.147,22
24,0,0.54978,2,1,0,2,4,0.072323,0,4,5,0,0,11.219,23
25,0,0.55088,3,1,0,3,5,0.88392,0,5,5,0,0,12.103,24
26,0,0,2,1,0,2,0,0,0,6,5,0,1,12.103,25
27,0,0.61876,2,1,0,2,4,0.21647,0,6,5,0,0,12.319,26
28,0,0,1,1,0,0,0,0,0,7,5,1,0,12.319,27
29,0.47636,0.48185,1,1,2,3,5,0.95899,0,7,5,0,0,13.278,28
30,0.53724,0.46991,1,1,2,3,5,0.82223,0,8,5,0,0,14.101,29
31,0.48757,0.49074,1,1,2,3,4,0.22619,1,0,5,0,0,14.327,30
32,0,0.69089,3,1,0,3,4,0.21924,1,1,5,0,0,14.546,31
33,0,0.55974,2,1,0,2,5,0.62627,1,2,5,0,0,15.172,32
34,0.57696,0.68131,1,1,2,3,4,0.20317,1,3,5,0,0,15.375,33
35,0,0.60672,2,1,0,2,5,0.90001,1,4,5,0,0,16.275,34
36,0.46017,0.52641,1,1,1,2,5,0.89337,1,5,5,0,0,17.169,35
37,0.52228,0.55484,1,1,1,2,5,0.9607,1,6,5,0,0,18.13,36
38,0.45832,0.43433,1,1,1,2,5,0.71608,1,7,5,0,0,18.846,37
39,0,0.55365,2,1,0,2,4,0.08411,0,0,5,0,0,18.93,38
40,0.6107,0,1,1,2,3,0,0,0,1,5,0,1,18.93,39
41,0.46078,0.43416,1,1,2,3,5,0.96036,0,1,5,0,0,19.89,40
42,0,0.65341,2,1,0,2,4,0.97359,0,2,4,0,0,20.864,0
43,0.51443,0.4837,1,1,2,3,5,0.09853,0,3,4,0,0,20.962,1
44,0,0.63957,3,1,0,3,5,0.053039,0,4,4,0,0,21.015,2
45,0,0.65012,3,1,0,3,5,0.35411,0,5,4,0,0,21.369,3
46,0,0.63411,2,1,0,2,4,0.4415,0,6,4,0,0,21.811,4
47,0.64473,0.54148,1,1,2,3,5,0.40318,0,7,4,0,0,22.214,5
48,0,0.58347,2,1,0,2,5,0.18749,1,0,4,0,0,22.401,6
49,0,0.52499,2,1,0,2,5,0.22725,1,1,4,0,0,22.629,7
50,0.50411,0.43795,1,1,2,3,4,0.61007,1,2,4,0,0,23.239,8
51,0,0.63865,3,1,0,3,4,0.61396,1,3,4,0,0,23.853,9
52,0.47607,0.5447,1,1,2,3,4,0.59319,1,4,4,0,0,24.446,10
53,0.45206,0.37571,1,1,2,3,4,0.67544,1,5,4,0,0,25.121,11
54,0,0.56856,3,1,0,3,4,0.69119,1,6,4,0,0,25.813,12
55,0,0.49993,3,1,0,3,5,0.32714,0,0,4,0,0,26.14,13
56,0.52426,0.44778,1,1,1,2,4,0.75627,0,1,4,0,0,26.896,14
57,0,0.60607,3,1,0,3,5,0.12422,0,2,4,0,0,27.02,15
58,0,0,2,1,0,2,0,0,0,3,4,0,1,27.02,16
59,0,0.6409,3,1,0,3,5,0.39899,0,3,4,0,0,27.419,17
60,0.62755,0.40889,1,1,1,2,4,0.84499,0,4,4,0,0,28.264,18
61,0.65707,0.62366,1,1,2,3,5,0.23722,0,5,4,0,0,28.501,19
62,0,0.64065,2,1,0,2,4,0.89943,0,6,4,0,0,29.401,20
63,0.56535,0.57442,1,1,2,3,5,0.060559,0,7,4,0,0,29.461,21
64,0,0,1,1,0,0,0,0,1,0,4,1,0,29.461,22
65,0.49682,0.54882,1,1,1,2,5,0.15299,1,0,4,0,0,29.614,23
66,0,0.62824,3,1,0,3,4,0.68402,1,1,4,0,0,30.298,24
67,0,0.60666,2,1,0,2,5,0.19892,1,2,4,0,0,30.497,25
68,0.52298,0.58104,1,1,2,3,4,0.99255,1,3,4,0,0,31.49,26
69,0.42805,0.38113,1,1,2,3,4,0.8653,1,4,4,0,0,32.355,27
70,0.43082,0.46193,1,1,2,3,4,0.7732,1,5,4,0,0,33.128,28
71,0,0.57924,2,1,0,2,5,0.026462,1,6,4,0,0,33.155,29
72,0,0.57631,3,1,0,3,4,0.71338,1,7,4,0,0,33.868,30
73,0,0.54375,3,1,0,3,4,0.83095,1,8,4,0,0,34.699,31
74,0.56165,0.43867,1,1,2,3,4,0.96588,1,9,4,0,0,35.665,32
75,0,0,2,1,0,2,0,0,0,0,4,0,1,35.665,33
76,0,0.61141,3,1,0,3,5,0.085543,0,0,4,0,0,35.751,34
77,0.74885,0.40988,1,1,1,2,4,0.96589,0,1,4,0,0,36.716,35
78,0.4182,0.39821,1,1,1,2,4,0.94131,0,2,4,0,0,37.658,36
79,0.46879,0.40412,1,1,1,2,4,0.98447,0,3,4,0,0,38.642,37
80,0.52639,0.44866,1,1,1,2,4,0.8767,0,4,4,0,0,39.519,38
81,0,0.57838,2,1,0,2,4,0.52419,0,5,4,0,0,40.043,39
82,0.53812,0.36343,1,1,1,2,4,0.67904,0,6,4,0,0,40.722,40
83,0.45653,0.41444,1,1,1,2,4,0.20865,0,7,5,0,0,40.931,0
84,0.51153,0.43357,1,1,2,3,5,0.81251,0,8,5,0,0,41.743,1
85,0,0.62073,3,1,0,3,5,0.76096,0,9,5,0,0,42.504,2
86,0,0.52579,3,1,0,3,4,0.45123,1,0,5,0,0,42.956,3
87,0.49436,0.45937,1,1,2,3,4,0.39912,1,1,5,0,0,43.355,4
88,0.71165,0.37639,1,1,1,2,5,0.81116,1,2,5,0,0,44.166,5
89,0,0.63179,3,1,0,3,4,0.23562,1,3,5,0,0,44.401,6
90,0,0.57759,3,1,0,3,4,0.034924,1,4,5,0,0,44.436,7
91,0.47597,0.49069,1,1,1,2,5,0.99642,1,5,5,0,0,45.433,8
92,0.46867,0.51396,1,1,1,2,5,0.89198,1,6,5,0,0,46.325,9
93,0,0.57114,2,1,0,2,5,0.85663,1,7,5,0,0,47.181,10
94,0.38371,0.45865,1,1,1,2,5,0.86228,1,8,5,0,0,48.044,11
95,0,0.56933,2,1,0,2,4,0.17375,0,0,5,0,0,48.217,12
96,0,0.511,3,1,0,3,5,0.87007,0,1,5,0,0,49.087,13
97,0,0.51679,3,1,0,3,5,0.8686,0,2,5,0,0,49.956,14
98,0,0.51725,3,1,0,3,5,0.49229,0,3,5,0,0,50.448,15
99,0.45738,0.51197,1,1,1,2,4,0.20568,0,4,5,0,0,50.654,16
100,0,0,1,1,0,0,0,0,0,5,5,1,0,50.654,17
101,0.46065,0.55674,1,1,2,3,5,0.86003,0,5,5,0,0,51.514,18
102,0.52387,0.36219,1,1,2,3,5,0.83554,0,6,5,0,0,52.35,19
103,0.50325,0.3945,1,1,2,3,4,0.17499,1,0,5,0,0,52.525,20
104,0,0,2,1,0,2,0,0,1,1,5,0,1,52.525,21
105,0,0,2,1,0,2,0,0,1,1,5,0,1,52.525,22
106,0.67394,0,1,1,1,2,0,0,1,1,5,1,0,52.525,23
107,0,0.62218,3,1,0,3,4,0.29948,1,1,5,0,0,52.824,24
108,0.63548,0.45005,1,1,1,2,5,0.71003,1,2,5,0,0,53.534,25
109,0.58114,0.4963,1,1,1,2,5,0.95712,1,3,5,0,0,54.491,26
110,0.51903,0.44414,1,1,1,2,5,0.61735,1,4,5,0,0,55.109,27
111,0.64989,0.54729,1,1,2,3,4,0.59096,1,5,5,0,0,55.7,28
112,0,0.63248,3,1,0,3,4,0.60764,1,6,5,0,0,56.307,29
113,0.62486,0.53898,1,1,2,3,4,0.63236,1,7,5,0,0,56.94,30
114,0.5055,0.51469,1,1,2,3,4,0.8024,1,8,5,0,0,57.742,31
115,0.55897,0.47049,1,1,2,3,5,0.21195,0,0,5,0,0,57.954,32
116,0,0.53732,3,1,0,3,5,0.17571,0,1,5,0,0,58.13,33
117,0.42784,0.38679,1,1,1,2,4,0.45425,0,2,5,0,0,58.584,34
118,0.46453,0.36352,1,1,1,2,4,0.42624,0,3,5,0,0,59.01,35
119,0.49272,0.59469,1,1,1,2,4,0.53144,0,4,5,0,0,59.542,36
120,0,0,1,1,0,0,0,0,0,5,5,1,0,59.542,37
121,0.54152,0.62294,1,1,2,3,5,0.54831,0,5,5,0,0,60.09,38
122,0,0,1,1,0,0,0,0,0,6,5,1,0,60.09,39
123,0.49233,0.59064,1,1,2,3,5,0.85449,0,6,5,0,0,60.944,40
124,0.46864,0.41702,1,1,2,3,4,0.70738,1,0,4,0,0,61.652,0
125,0.47942,0.57925,1,1,2,3,4,0.97345,1,1,4,0,0,62.625,1
126,0.46187,0.40836,1,1,2,3,4,0.95309,1,2,4,0,0,63.578,2
127,0,0.61039,3,1,0,3,4,0.79252,1,3,4,0,0,64.371,3
128,0.50535,0.40121,1,1,2,3,4,0.87418,1,4,4,0,0,65.245,4
129,0,0.58772,3,1,0,3,4,0.76288,1,5,4,0,0,66.008,5
130,0.45519,0.42772,1,1,2,3,4,0.9631,1,6,4,0,0,66.971,6
131,0.43908,0.35154,1,1,2,3,5,0.23135,0,0,4,0,0,67.202,7
132,0,0.5904,3,1,0,3,5,0.084566,0,1,4,0,0,67.287,8
133,0.46549,0.45432,1,1,1,2,4,0.72674,0,2,4,0,0,68.014,9
134,0,0.53292,3,1,0,3,5,0.13474,0,3,4,0,0,68.148,10
135,0,0.58774,3,1,0,3,5,0.72918,0,4,4,0,0,68.878,11
136,0,0.44984,3,1,0,3,5,0.91193,0,5,4,0,0,69.789,12
137,0,0,2,1,0,2,0,0,0,6,4,0,1,69.789,13
138,0,0,1,1,0,0,0,0,0,6,4,1,0,69.789,14
139,0.42566,0.45579,1,1,1,2,4,0.43356,0,6,4,0,0,70.223,15
140,0,0.64658,3,1,0,3,4,0.44493,1,0,4,0,0,70.668,16
141,0.5405,0.46533,1,1,2,3,4,0.82883,1,1,4,0,0,71.497,17
142,0,0.59868,2,1,0,2,5,0.17879,1,2,4,0,0,71.676,18
143,0,0.56135,3,1,0,3,4,0.90209,1,3,4,0,0,72.578,19
144,0.43532,0.46493,1,1,2,3,4,0.91861,1,4,4,0,0,73.496,20
145,0.44682,0.35968,1,1,2,3,4,0.88932,1,5,4,0,0,74.386,21
146,0,0.62204,2,1,0,2,5,0.23951,1,6,4,0,0,74.625,22
147,0,0.53671,2,1,0,2,5,0.15195,1,7,4,0,0,74.777,23
148,0,0.48095,2,1,0,2,4,0.60884,0,0,4,0,0,75.386,24
149,0.47817,0.6407,1,1,1,2,4,0.84018,0,1,4,0,0,76.226,25
150,0.47533,0.41999,1,1,1,2,4,0.89858,0,2,4,0,0,77.125,26
151,0,0.59045,2,1,0,2,4,0.98537,0,3,4,0,0,78.11,27
152,0,0.45683,3,1,0,3,5,0.01457,0,4,4,0,0,78.125,28
153,0.44757,0.36609,1,1,1,2,4,0.86996,0,5,4,0,0,78.995,29
154,0.4678,0.42796,1,1,1,2,4,0.93615,0,6,4,0,0,79.931,30
155,0,0.45824,3,1,0,3,5,0.002358,0,7,4,0,0,79.933,31
156,0.43989,0.47834,1,1,1,2,5,0.00549,1,0,4,0,0,79.939,32
157,0,0.62067,3,1,0,3,4,0.93567,1,1,4,0,0,80.874,33
158,0,0,2,1,0,2,0,0,1,2,4,0,1,80.874,34
159,0,0,3,1,0,3,0,0,1,2,4,1,0,80.874,35
160,0.63841,0.58763,1,1,2,3,4,0.97859,1,2,4,0,0,81.853,36
161,0,0,1,1,0,0,0,0,1,3,4,1,0,81.853,37
162,0.4647,0.44416,1,1,2,3,4,0.67432,1,3,4,0,0,82.527,38
163,0,0.57884,3,1,0,3,4,0.70304,1,4,4,0,0,83.23,39
164,0,0.60227,2,1,0,2,5,0.2017,1,5,4,0,0,83.432,40
165,0,0.57146,3,1,0,3,4,0.17062,1,6,5,0,0,83.602,0
166,0,0.56393,3,1,0,3,4,0.003658,1,7,5,0,0,83.606,1
167,0.5151,0.46426,1,1,1,2,4,0.14643,0,0,5,0,0,83.753,2
168,0,0.53948,3,1,0,3,5,0.85745,0,1,5,0,0,84.61,3
169,0.45083,0.38768,1,1,2,3,5,0.91387,0,2,5,0,0,85.524,4
170,0,0,2,1,0,2,0,0,0,3,5,0,1,85.524,5
171,0.70553,0,1,1,2,3,0,0,0,3,5,0,1,85.524,6
172,0.61746,0.37904,1,1,2,3,5,0.67183,0,3,5,0,0,86.196,7
173,0.45791,0.34724,1,1,2,3,5,0.68216,0,4,5,0,0,86.878,8
174,0,0.65123,3,1,0,3,5,0.84462,0,5,5,0,0,87.722,9
175,0.54085,0.47375,1,1,2,3,5,0.83488,0,6,5,0,0,88.557,10
176,0.4498,0.38852,1,1,2,3,5,0.99862,0,7,5,0,0,89.556,11
177,0,0.52002,3,1,0,3,5,0.85867,0,8,5,0,0,90.415,12
178,0,0.64835,2,1,0,2,5,0.95174,1,0,5,0,0,91.366,13
179,0,0.65335,2,1,0,2,5,0.92693,1,1,5,0,0,92.293,14
180,0,0.58974,2,1,0,2,5,0.8246,1,2,5,0,0,93.118,15
181,0.57285,0.7285,1,1,2,3,4,0.37732,1,3,5,0,0,93.495,16
182,0.51337,0.56233,1,1,1,2,5,0.69398,1,4,5,0,0,94.189,17
183,0,0.62333,2,1,0,2,5,0.48097,1,5,5,0,0,94.67,18
184,0.60022,0.52581,1,1,1,2,5,0.45135,1,6,5,0,0,95.122,19
185,0,0.58632,2,1,0,2,4,0.50811,0,0,5,0,0,95.63,20
186,0.52763,0.60885,1,1,2,3,5,0.30781,0,1,5,0,0,95.937,21
187,0.62857,0.46475,1,1,1,2,4,0.42941,0,2,5,0,0,96.367,22
188,0,0.61838,3,1,0,3,5,0.78172,0,3,5,0,0,97.149,23
189,0,0.62577,2,1,0,2,4,0.19371,0,4,5,0,0,97.342,24
190,0,0.58969,3,1,0,3,5,0.67782,0,5,5,0,0,98.02,25
191,0,0.50841,3,1,0,3,5,0.77276,0,6,5,0,0,98.793,26
192,0.47446,0.39904,1,1,2,3,5,0.88919,0,7,5,0,0,99.682,27
193,0.44308,0.38744,1,1,2,3,4,0.3954,1,0,5,0,0,100.08,28
194,0.6056,0.48658,1,1,1,2,5,0.84171,1,1,5,0,0,100.92,29
195,0,0.58627,3,1,0,3,4,0.35901,1,2,5,0,0,101.28,30
196,0,0,1,1,0,0,0,0,1,3,5,1,0,101.28,31
197,0,0.59227,3,1,0,3,4,0.38439,1,3,5,0,0,101.66,32
198,0.49317,0.40541,1,1,2,3,4,0.4196,1,4,5,0,0,102.08,33
199,0.64744,0.5192,1,1,1,2,5,0.78294,1,5,5,0,0,102.87,34
200,0.44415,0.47008,1,1,1,2,5,0.64498,1,6,5,0,0,103.51,35
201,0,0.6996,2,1,0,2,5,0.70027,1,7,5,0,0,104.21,36
202,0.62552,0.51838,1,1,2,3,4,0.17003,1,8,5,0,0,104.38,37
203,0.49802,0.44442,1,1,1,2,4,0.10502,0,0,5,0,0,104.49,38
204,0,0.60338,3,1,0,3,5,0.90258,0,1,5,0,0,105.39,39
205,0,0.62464,3,1,0,3,5,0.60856,0,2,5,0,0,106,40
206,0.52157,0.42527,1,1,2,3,4,0.37492,1,0,4,0,0,106.37,0
207,0.47428,0.61438,1,1,2,3,4,0.3115,1,1,4,0,0,106.68,1
208,0.43606,0.58084,1,1,1,2,5,0.52253,1,2,4,0,0,107.21,2
209,0.49882,0.59267,1,1,2,3,5,0.33197,0,0,4,0,0,107.54,3
210,0.48568,0.58608,1,1,1,2,4,0.67181,0,1,4,0,0,108.21,4
211,0.45976,0.49647,1,1,1,2,4,0.78638,0,2,4,0,0,109,5
212,0,0.56289,2,1,0,2,4,0.86332,0,3,4,0,0,109.86,6
213,0,0.62781,3,1,0,3,5,0.33165,0,4,4,0,0,110.19,7
214,0.45899,0.49113,1,1,1,2,4,0.60564,0,5,4,0,0,110.8,8
215,0.46527,0.42595,1,1,1,2,5,0.22961,1,0,4,0,0,111.03,9
216,0,0.52043,3,1,0,3,4,0.99459,1,1,4,0,0,112.02,10
217,0.41122,0.38221,1,1,2,3,4,0.99244,1,2,4,0,0,113.01,11
218,0,0.64891,2,1,0,2,5,0.031471,1,3,4,0,0,113.04,12
219,0,0.71222,2,1,0,2,4,0.78209,0,0,4,0,0,113.83,13
220,0.44364,0.53469,1,1,2,3,5,0.26973,0,1,4,0,0,114.1,14
221,0.47739,0.37561,1,1,1,2,4,0.62154,0,2,4,0,0,114.72,15
222,0,0.61366,2,1,0,2,5,0.76132,1,0,4,0,0,115.48,16
223,0.43718,0.33154,1,1,1,2,5,0.18472,1,1,4,0,0,115.66,17
224,0.47161,0.31966,1,1,2,3,4,0.81921,1,2,4,0,0,116.48,18
225,0,0.58221,2,1,0,2,5,0.027352,1,3,4,0,0,116.51,19
226,0,0.6303,2,1,0,2,5,0.076179,1,4,4,0,0,116.59,20
227,0.51201,0.41468,1,1,2,3,4,0.84526,1,5,4,0,0,117.43,21
228,0,0.53873,2,1,0,2,4,0.97578,0,0,4,0,0,118.41,22
229,0.49575,0,1,1,1,2,0,0,0,1,4,0,1,118.41,23
230,0.47747,0.35945,1,1,1,2,4,0.84065,0,1,4,0,0,119.25,24
231,0.42819,0.4018,1,1,1,2,4,0.99467,0,2,4,0,0,120.24,25
232,0,0.61658,3,1,0,3,5,0.030508,0,3,4,0,0,120.27,26
233,0.53042,0.42939,1,1,1,2,4,0.93644,0,4,4,0,0,121.21,27
234,0,0,2,1,0,2,0,0,0,5,4,1,0,121.21,28
235,0,0.42569,2,1,0,2,4,0.96454,0,5,4,0,0,122.17,29
236,0.56302,0.57578,1,1,1,2,5,0.34854,1,0,4,0,0,122.52,30
237,0,0.51973,3,1,0,3,4,0.66794,1,1,4,0,0,123.19,31
238,0,0.53087,3,1,0,3,4,0.60462,1,2,4,0,0,123.8,32
239,0.527,0.53514,1,1,1,2,5,0.37321,1,3,4,0,0,124.17,33
240,0.4263,0,1,1,2,3,0,0,1,4,4,0,1,124.17,34
241,0.56459,0.61677,1,1,2,3,4,0.68998,1,4,4,0,0,124.86,35
242,0.50426,0.42851,1,1,2,3,5,0.25829,0,0,4,0,0,125.12,36
243,0,0.66603,3,1,0,3,5,0.4153,0,1,4,0,0,125.53,37
244,0.46869,0.53477,1,1,1,2,4,0.99131,0,2,4,0,0,126.52,38
245,0,0.58879,2,1,0,2,5,0.062736,1,0,4,0,0,126.59,39
246,0.42956,0.43527,1,1,2,3,4,0.93241,1,1,4,0,0,127.52,40
247,0.44269,0,1,1,2,3,0,0,1,2,5,0,1,127.52,0
248,0,0.59063,3,1,0,3,4,0.24064,1,2,5,0,0,127.76,1
249,0.56676,0.39865,1,1,2,3,4,0.12146,1,3,5,0,0,127.88,2
250,0,0.67689,3,1,0,3,4,0.1305,1,4,5,0,0,128.01,3
251,0.55368,0.3542,1,1,1,2,4,0.096814,0,0,5,0,0,128.11,4
252,0,0.67303,2,1,0,2,4,0.046347,0,1,5,0,0,128.15,5
253,0,0.70612,2,1,0,2,4,0.12749,0,2,5,0,0,128.28,6
254,0,0.62772,2,1,0,2,4,0.14946,0,3,5,0,0,128.43,7
255,0.52906,0.6766,1,1,1,2,4,0.33015,0,4,5,0,0,128.76,8
256,0.54198,0.61077,1,1,1,2,5,0.95922,1,0,5,0,0,129.72,9
257,0.47766,0.40318,1,1,1,2,5,0.88478,1,1,5,0,0,130.61,10
258,0,0,3,1,0,3,0,0,1,2,5,1,0,130.61,11
259,0,0.67432,2,1,0,2,5,0.80653,1,2,5,0,0,131.41,12
260,0,0.62423,2,1,0,2,4,0.012934,0,0,5,0,0,131.43,13
261,0.49657,0.57575,1,1,1,2,4,0.21861,0,1,5,0,0,131.64,14
262,0,0.52171,3,1,0,3,5,0.87311,0,2,5,0,0,132.52,15
263,0.61816,0.42265,1,1,2,3,5,0.87866,0,3,5,0,0,133.4,16
264,0,0.65068,3,1,0,3,4,0.11903,1,0,5,0,0,133.51,17
265,0,0,1,1,0,0,0,0,1,1,5,1,0,133.51,18
266,0,0.71912,2,1,0,2,5,0.587,1,1,5,0,0,134.1,19
267,0.53227,0.55301,1,1,1,2,5,0.77031,1,2,5,0,0,134.87,20
268,0.42987,0.3366,1,1,1,2,5,0.95986,1,3,5,0,0,135.83,21
269,0,0.72949,2,1,0,2,5,0.99163,1,4,5,0,0,136.82,22
270,0,0.5863,3,1,0,3,5,0.79207,0,0,5,0,0,137.62,23
271,0,0.6015,3,1,0,3,5,0.95604,0,1,5,0,0,138.57,24
272,0,0,2,1,0,2,0,0,0,2,5,0,1,138.57,25
273,0.48377,0,1,1,2,3,0,0,0,2,5,0,1,138.57,26
274,0,0.66447,2,1,0,2,4,0.011775,0,2,5,0,0,138.58,27
275,0.55164,0.45151,1,1,2,3,4,0.31322,1,0,5,0,0,138.9,28
276,0,0,3,1,0,3,0,0,1,1,5,1,0,138.9,29
277,0,0.46166,3,1,0,3,4,0.25202,1,1,5,0,0,139.15,30
278,0,0.56525,3,1,0,3,4,0.032435,1,2,5,0,0,139.18,31
279,0.41598,0.59742,1,1,2,3,4,0.01036,1,3,5,0,0,139.19,32
280,0,0.62545,2,1,0,2,4,0.014746,0,0,5,0,0,139.21,33
281,0,0,2,1,0,2,0,0,0,1,5,1,0,139.21,34
282,0,0.67075,3,1,0,3,5,0.71689,0,1,5,0,0,139.92,35
283,0,0.62494,3,1,0,3,5,0.73948,0,2,5,0,0,140.66,36
284,0,0.68292,2,1,0,2,4,0.31387,0,3,5,0,0,140.98,37
285,0.46815,0.56858,1,1,1,2,5,0.72482,1,0,5,0,0,141.7,38
286,0.45266,0.66147,1,1,1,2,5,0.54587,1,1,5,0,0,142.25,39
287,0,0.58385,3,1,0,3,4,0.66864,1,2,5,0,0,142.92,40
288,0.4965,0.54301,1,1,2,3,4,0.68083,1,3,4,0,0,143.6,0
289,0.44331,0.38449,1,1,2,3,4,0.94949,1,4,4,0,0,144.55,1
290,0.46336,0.39534,1,1,2,3,5,0.075484,0,0,4,0,0,144.62,2
291,0,0.57558,2,1,0,2,4,0.85445,0,1,4,0,0,145.48,3
292,0,0,1,1,0,0,0,0,0,2,4,1,0,145.48,4
293,0.45904,0.55748,1,1,1,2,4,0.88087,0,2,4,0,0,146.36,5
294,0.41656,0.59231,1,1,1,2,4,0.94426,0,3,4,0,0,147.3,6
295,0,0.55878,2,1,0,2,5,0.24245,1,0,4,0,0,147.54,7
296,0,0.64275,3,1,0,3,4,0.9159,1,1,4,0,0,148.46,8
297,0,0.52984,3,1,0,3,4,0.96721,1,2,4,0,0,149.43,9
298,0.43804,0.3571,1,1,2,3,4,0.87909,1,3,4,0,0,150.31,10
299,0,0.46521,3,1,0,3,4,0.99046,1,4,4,0,0,151.3,11
300,0,0.65932,2,1,0,2,4,0.85134,0,0,4,0,0,152.15,12
301,0.54549,0.64537,1,1,2,3,5,0.056381,0,1,4,0,0,152.2,13
302,0.59245,0.40724,1,1,1,2,4,0.84779,0,2,4,0,0,153.05,14
303,0.44944,0.37175,1,1,1,2,4,0.985,0,3,4,0,0,154.04,15
304,0,0.54934,3,1,0,3,5,0.089486,0,4,4,0,0,154.13,16
305,0,0.52992,3,1,0,3,4,0.84034,1,0,4,0,0,154.97,17
306,0,0.60984,2,1,0,2,5,0.051435,1,1,4,0,0,155.02,18
307,0.48127,0.50395,1,1,1,2,5,0.19465,1,2,4,0,0,155.21,19
308,0.47351,0.53139,1,1,2,3,5,0.24979,0,0,4,0,0,155.46,20
309,0,0.67189,2,1,0,2,4,0.75841,0,1,4,0,0,156.22,21
310,0.4931,0.50567,1,1,2,3,5,0.11202,0,2,4,0,0,156.33,22
311,0,0,3,1,0,3,0,0,0,3,4,0,1,156.33,23
312,0.52065,0.57186,1,1,1,2,4,0.60405,0,3,4,0,0,156.94,24
313,0.44372,0.4608,1,1,2,3,5,0.11862,0,4,4,0,0,157.06,25
314,0.47331,0.54261,1,1,1,2,5,0.015504,1,0,4,0,0,157.07,26
315,0.48468,0.51024,1,1,2,3,4,0.53879,1,1,4,0,0,157.61,27
316,0.40791,0.49116,1,1,2,3,4,0.62852,1,2,4,0,0,158.24,28
317,0.4511,0.41968,1,1,2,3,4,0.93574,1,3,4,0,0,159.17,29
318,0,0.58043,3,1,0,3,5,0.096546,0,0,4,0,0,159.27,30
319,0,0.66502,2,1,0,2,4,0.89365,0,1,4,0,0,160.16,31
320,0,0.50116,3,1,0,3,5,0.11842,0,2,4,0,0,160.28,32
321,0.59505,0.58625,1,1,2,3,5,0.17332,0,3,4,0,0,160.46,33
322,0,0.5767,3,1,0,3,4,0.83865,1,0,4,0,0,161.29,34
323,0.43974,0,1,1,1,2,0,0,1,1,4,1,0,161.29,35
324,0.46836,0.36121,1,1,1,2,5,0.13122,1,1,4,0,0,161.43,36
325,0,0.5863,3,1,0,3,4,0.97327,1,2,4,0,0,162.4,37
326,0.43186,0.37404,1,1,2,3,4,0.9235,1,3,4,0,0,163.32,38
327,0,0.53217,3,1,0,3,4,0.90982,1,4,4,0,0,164.23,39
328,0.42929,0.37379,1,1,2,3,5,0.11223,0,0,4,0,0,164.34,40
329,0.52886,0.36442,1,1,1,2,4,0.20518,0,1,5,0,0,164.55,0
330,0.45537,0.48553,1,1,1,2,4,0.2414,0,2,5,0,0,164.79,1
331,0,0,2,1,0,2,0,0,0,3,5,0,1,164.79,2
332,0,0.59351,2,1,0,2,4,0.41781,0,3,5,0,0,165.21,3
333,0,0.5832,2,1,0,2,5,0.80572,1,0,5,0,0,166.01,4
334,0,0,3,1,0,3,0,0,1,1,5,0,1,166.01,5
335,0,0,2,1,0,2,0,0,1,1,5,0,1,166.01,6
336,0.56175,0.41489,1,1,1,2,5,0.96844,1,1,5,0,0,166.98,7
337,0.41632,0.41569,1,1,1,2,5,0.79754,1,2,5,0,0,167.78,8
338,0.45644,0.43292,1,1,1,2,5,0.82942,1,3,5,0,0,168.61,9
339,0.39834,0.34944,1,1,1,2,4,0.03838,0,0,5,0,0,168.65,10
340,0.6427,0.52951,1,1,2,3,5,0.90493,0,1,5,0,0,169.55,11
341,0,0.70824,2,1,0,2,4,0.024895,0,2,5,0,0,169.58,12
342,0,0.46734,3,1,0,3,5,0.90084,0,3,5,0,0,170.48,13
343,0,0.58292,3,1,0,3,4,0.1335,1,0,5,0,0,170.61,14
344,0.46023,0.51253,1,1,2,3,4,0.2313,1,1,5,0,0,170.84,15
345,0.7506,0.61136,1,1,1,2,5,0.63176,1,2,5,0,0,171.48,16
346,0,0.55991,3,1,0,3,4,0.40675,1,3,5,0,0,171.88,17
347,0,0.53568,2,1,0,2,4,0.43667,0,0,5,0,0,172.32,18
348,0,0.49058,2,1,0,2,4,0.37509,0,1,5,0,0,172.69,19
349,0,0.49033,3,1,0,3,5,0.44621,0,2,5,0,0,173.14,20
350,0.42637,0.46951,1,1,1,2,4,0.50516,0,3,5,0,0,173.65,21
351,0,0.62344,3,1,0,3,4,0.51015,1,0,5,0,0,174.16,22
352,0,0,3,1,0,3,0,0,1,1,5,0,1,174.16,23
353,0,0.53533,2,1,0,2,5,0.56774,1,1,5,0,0,174.72,24
354,0,0.442,3,1,0,3,4,0.047909,1,2,5,0,0,174.77,25
355,0,0.6976,2,1,0,2,5,0.9987,1,3,5,0,0,175.77,26
356,0,0,3,1,0,3,0,0,0,0,5,0,1,175.77,27
357,0.49727,0.52441,1,1,2,3,5,0.88621,0,0,5,0,0,176.66,28
358,0,0.62079,2,1,0,2,4,0.099276,0,1,5,0,0,176.76,29
359,0,0.50404,3,1,0,3,5,0.65838,0,2,5,0,0,177.41,30
360,0,0.6302,2,1,0,2,4,0.51134,0,3,5,0,0,177.93,31
361,0,0,3,1,0,3,0,0,0,4,5,1,0,177.93,32
362,0.5533,0.5534,1,1,1,2,4,0.10264,0,4,5,0,0,178.03,33
363,0.45785,0.60694,1,1,2,3,5,0.92324,0,5,5,0,0,178.95,34
364,0.5099,0.58171,1,1,2,3,4,0.16975,1,0,5,0,0,179.12,35
365,0,0,1,1,0,0,0,0,1,1,5,1,0,179.12,36
366,0,0.58856,2,1,0,2,5,0.84582,1,1,5,0,0,179.97,37
367,0.44027,0.45235,1,1,1,2,5,0.68699,1,2,5,0,0,180.65,38
368,0,0.57184,2,1,0,2,4,0.30978,0,0,5,0,0,180.96,39
369,0,0.54487,3,1,0,3,5,0.64624,0,1,5,0,0,181.61,40
370,0.43863,0.36825,1,1,2,3,5,0.27369,0,2,4,0,0,181.88,0
371,0,0.56581,3,1,0,3,5,0.089841,0,3,4,0,0,181.97,1
372,0,0.56248,3,1,0,3,4,0.84635,1,0,4,0,0,182.82,2
373,0.42459,0.52471,1,1,2,3,4,0.67746,1,1,4,0,0,183.5,3
374,0.44653,0.40941,1,1,2,3,4,0.97386,1,2,4,0,0,184.47,4
375,0,0,3,1,0,3,0,0,1,3,4,1,0,184.47,5
376,0.60289,0.49324,1,1,1,2,5,0.34117,1,3,4,0,0,184.81,6
377,0,0.544,3,1,0,3,5,0.27026,0,0,4,0,0,185.08,7
378,0,0.51349,3,1,0,3,5,0.34921,0,1,4,0,0,185.43,8
379,0.38652,0,1,1,2,3,0,0,0,2,4,0,1,185.43,9
380,0.43677,0.41276,1,1,2,3,5,0.32768,0,2,4,0,0,185.76,10
381,0,0.53366,3,1,0,3,5,0.30044,0,3,4,0,0,186.06,11
382,0,0.66021,2,1,0,2,5,0.34208,1,0,4,0,0,186.4,12
383,0,0.50538,3,1,0,3,4,0.99854,1,1,4,0,0,187.4,13
384,0.40935,0.47405,1,1,1,2,5,0.059059,1,2,4,0,0,187.46,14
385,0,0.49262,3,1,0,3,5,0.003046,0,0,4,0,0,187.46,15
386,0.47793,0.42265,1,1,2,3,5,0.045024,0,1,4,0,0,187.51,16
387,0.57903,0.21367,1,1,1,2,4,0.78074,0,2,4,0,0,188.29,17
388,0,0.65713,3,1,0,3,5,0.10074,0,3,4,0,0,188.39,18
389,0.61782,0.31847,1,1,1,2,5,0.11701,1,0,4,0,0,188.51,19
390,0.44973,0.43034,1,1,2,3,4,0.82327,1,1,4,0,0,189.33,20
391,0,0.55185,3,1,0,3,4,0.92363,1,2,4,0,0,190.25,21
392,0.45222,0.40169,1,1,2,3,5,0.40584,0,0,4,0,0,190.66,22
393,0,0.58422,3,1,0,3,5,0.41033,0,1,4,0,0,191.07,23
394,0,0.54067,3,1,0,3,5,0.34155,0,2,4,0,0,191.41,24
395,0,0,2,1,0,2,0,0,0,3,4,0,1,191.41,25
396,0,0.6709,3,1,0,3,5,0.4228,0,3,4,0,0,191.83,26
397,0,0.66689,3,1,0,3,5,0.28143,0,4,4,0,0,192.11,27
398,0.64348,0.53129,1,1,1,2,5,0.16495,1,0,4,0,0,192.28,28
399,0.42241,0.42239,1,1,2,3,4,0.95897,1,1,4,0,0,193.24,29
400,0,0.56918,3,1,0,3,4,0.74387,1,2,4,0,0,193.98,30
401,0.63247,0.5721,1,1,2,3,4,0.59922,1,3,4,0,0,194.58,31
402,0.51598,0.51787,1,1,2,3,4,0.59894,1,4,4,0,0,195.18,32
403,0.51643,0.44869,1,1,2,3,5,0.33781,0,0,4,0,0,195.52,33
404,0.56299,0.47213,1,1,1,2,4,0.92746,0,1,4,0,0,196.45,34
405,0,0.61709,3,1,0,3,5,0.08943,0,2,4,0,0,196.54,35
406,0,0,1,1,0,0,0,0,0,3,4,1,0,196.54,36
407,0,0.58042,3,1,0,3,5,0.027599,0,3,4,0,0,196.56,37
408,0.44385,0.42777,1,1,1,2,4,0.87672,0,4,4,0,0,197.44,38
409,0,0.59248,3,1,0,3,5,0.084091,0,5,4,0,0,197.52,39
410,0.39228,0.3472,1,1,1,2,4,0.92985,0,6,4,0,0,198.45,40
411,0.46443,0.26808,1,1,1,2,4,0.012095,0,7,5,0,0,198.47,0
412,0,0,1,1,0,0,0,0,0,8,5,1,0,198.47,1
413,0,0.5316,3,1,0,3,5,0.83922,0,8,5,0,0,199.3,2
414,0.45452,0.39265,1,1,2,3,5,0.90789,0,9,5,0,0,200.21,3
415,0.39346,0.42703,1,1,2,3,5,0.78751,0,10,5,0,0,201,4
416,0.4516,0.39502,1,1,2,3,5,0.84355,0,11,5,0,0,201.84,5
417,0,0.50155,3,1,0,3,5,0.66795,0,12,5,0,0,202.51,6
418,0,0.45268,3,1,0,3,4,0.04557,1,0,5,0,0,202.56,7
419,0.40899,0,1,1,1,2,0,0,1,1,5,0,1,202.56,8
420,0.42882,0.28306,1,1,1,2,5,0.78171,1,1,5,0,0,203.34,9
421,0.5455,0.63588,1,1,2,3,4,0.052554,1,2,5,0,0,203.39,10
422,0.48031,0.35353,1,1,1,2,5,0.83177,1,3,5,0,0,204.22,11
423,0.48557,0.41214,1,1,1,2,5,0.93241,1,4,5,0,0,205.16,12
424,0.42825,0.4856,1,1,1,2,5,0.90788,1,5,5,0,0,206.06,13
425,0,0.54797,3,1,0,3,4,0.12827,1,6,5,0,0,206.19,14
426,0.52809,0.44599,1,1,1,2,5,0.95656,1,7,5,0,0,207.15,15
427,0.46393,0.3737,1,1,1,2,5,0.5597,1,8,5,0,0,207.71,16
428,0,0,1,1,0,0,0,0,1,9,5,1,0,207.71,17
429,0,0.50057,3,1,0,3,4,0.17279,1,9,5,0,0,207.88,18
430,0,0.64139,2,1,0,2,5,0.98476,1,10,5,0,0,208.87,19
431,0,0.58808,3,1,0,3,4,0.12272,1,11,5,0,0,208.99,20
432,0,0,3,1,0,3,0,0,1,12,5,0,1,208.99,21
433,0,0.50377,2,1,0,2,5,0.90926,1,12,5,0,0,209.9,22
434,0.42781,0.39246,1,1,1,2,4,0.17226,0,0,5,0,0,210.07,23
435,0.50293,0.54312,1,1,2,3,5,0.96823,0,1,5,0,0,211.04,24
436,0,0.58014,2,1,0,2,4,0.079213,0,2,5,0,0,211.12,25
437,0.39063,0.58912,1,1,1,2,4,0.25367,0,3,5,0,0,211.37,26
438,0,0.66685,2,1,0,2,4,0.2425,0,4,5,0,0,211.61,27
439,0.47431,0.41744,1,1,2,3,5,0.76858,0,5,5,0,0,212.38,28
440,0.41904,0.41214,1,1,2,3,5,0.97261,0,6,5,0,0,213.35,29
441,0,0.62525,2,1,0,2,4,0.30231,0,7,5,0,0,213.66,30
442,0,0,1,1,0,0,0,0,0,8,5,1,0,213.66,31
443,0.58462,0.4141,1,1,2,3,5,0.94307,0,8,5,0,0,214.6,32
444,0.44345,0.42584,1,1,2,3,5,0.87659,0,9,5,0,0,215.48,33
445,0.42583,0.35563,1,1,2,3,5,0.95483,0,10,5,0,0,216.43,34
446,0,0.5826,2,1,0,2,4,0.094169,0,11,5,0,0,216.53,35
447,0,0.61114,3,1,0,3,5,0.71262,0,12,5,0,0,217.24,36
448,0.47158,0.565,1,1,1,2,4,0.37421,0,13,5,0,0,217.61,37
449,0,0.55881,3,1,0,3,4,0.16788,1,0,5,0,0,217.78,38
450,0,0.56011,2,1,0,2,5,0.80922,1,1,5,0,0,218.59,39
451,0,0,3,1,0,3,0,0,1,2,5,0,1,218.59,40
452,0,0.58263,2,1,0,2,5,0.054502,1,2,4,0,0,218.64,0
453,0,0,2,1,0,2,0,0,1,3,4,1,0,218.64,1
454,0.62232,0.65958,1,1,1,2,5,0.14138,1,3,4,0,0,218.79,2
455,0,0.54738,3,1,0,3,4,0.95371,1,4,4,0,0,219.74,3
456,0,0.61604,3,1,0,3,4,0.75474,1,5,4,0,0,220.49,4
457,0.54371,0.46729,1,1,2,3,4,0.75022,1,6,4,0,0,221.24,5
458,0.49625,0.34136,1,1,2,3,4,0.76032,1,7,4,0,0,222,6
459,0.44937,0.35634,1,1,2,3,4,0.65714,1,8,4,0,0,222.66,7
460,0,0.58465,3,1,0,3,4,0.49369,1,9,4,0,0,223.16,8
461,0.59743,0.44706,1,1,2,3,4,0.69367,1,10,4,0,0,223.85,9
462,0,0.63972,2,1,0,2,4,0.65056,0,0,4,0,0,224.5,10
463,0.42333,0.58688,1,1,1,2,4,0.76741,0,1,4,0,0,225.27,11
464,0,0.56934,3,1,0,3,5,0.073457,0,2,4,0,0,225.34,12
465,0,0.58456,3,1,0,3,5,0.054748,0,3,4,0,0,225.4,13
466,0.44439,0.36957,1,1,1,2,4,0.83479,0,4,4,0,0,226.23,14
467,0.42396,0.37843,1,1,1,2,4,0.90249,0,5,4,0,0,227.13,15
468,0.39094,0.41476,1,1,1,2,4,0.94447,0,6,4,0,0,228.08,16
469,0,0.58774,2,1,0,2,4,0.8113,0,7,4,0,0,228.89,17
470,0,0.50988,2,1,0,2,4,0.62513,0,8,4,0,0,229.51,18
471,0.44274,0.3884,1,1,1,2,4,0.78268,0,9,4,0,0,230.3,19
472,0.40594,0.339,1,1,1,2,4,0.83566,0,10,4,0,0,231.13,20
473,0,0.58952,3,1,0,3,5,0.14107,0,11,4,0,0,231.27,21
474,0.45775,0.5156,1,1,2,3,5,0.13447,0,12,4,0,0,231.41,22
475,0,0,2,1,0,2,0,0,1,0,4,0,1,231.41,23
476,0.55709,0.44994,1,1,1,2,5,0.036257,1,0,4,0,0,231.44,24
477,0,0.67488,2,1,0,2,5,0.089203,1,1,4,0,0,231.53,25
478,0.42915,0.65394,1,1,1,2,5,0.24644,1,2,4,0,0,231.78,26
479,0,0.6761,2,1,0,2,5,0.067108,1,3,4,0,0,231.85,27
480,0.47633,0.4051,1,1,2,3,4,0.89775,1,4,4,0,0,232.74,28
481,0,0.59447,2,1,0,2,5,0.094625,1,5,4,0,0,232.84,29
482,0.54715,0.49645,1,1,2,3,4,0.78851,1,6,4,0,0,233.63,30
483,0,0.58551,2,1,0,2,5,0.054301,1,7,4,0,0,233.68,31
484,0,0.64059,2,1,0,2,5,0.057598,1,8,4,0,0,233.74,32
485,0,0.61977,2,1,0,2,5,0.006288,1,9,4,0,0,233.75,33
486,0,0.5727,2,1,0,2,5,0.068386,1,10,4,0,0,233.81,34
487,0.46542,0.59628,1,1,1,2,5,0.23633,1,11,4,0,0,234.05,35
488,0.49904,0.39544,1,1,2,3,4,0.9636,1,12,4,0,0,235.01,36
489,0,0.67407,3,1,0,3,4,0.69574,1,13,4,0,0,235.71,37
490,0,0.46244,3,1,0,3,5,0.085827,0,0,4,0,0,235.8,38
491,0.59095,0.43251,1,1,1,2,4,0.84039,0,1,4,0,0,236.64,39
492,0.43116,0.42882,1,1,1,2,4,0.97545,0,2,4,0,0,237.61,40
493,0.4343,0.39711,1,1,1,2,4,0.19853,0,3,5,0,0,237.81,0
494,0,0.63287,2,1,0,2,4,0.49655,0,4,5,0,0,238.31,1
495,0.45127,0.55914,1,1,2,3,5,0.60632,0,5,5,0,0,238.91,2
496,0,0.58156,2,1,0,2,4,0.49431,0,6,5,0,0,239.41,3
497,0,0,2,1,0,2,0,0,0,7,5,0,1,239.41,4
498,0,0.48384,2,1,0,2,4,0.28178,0,7,5,0,0,239.69,5
499,0,0.55724,3,1,0,3,5,0.82632,0,8,5,0,0,240.51,6
500,0,0.64198,2,1,0,2,4,0.12752,0,9,5,0,0,240.64,7
501,0.47082,0,1,1,2,3,0,0,0,10,5,0,1,240.64,8
502,0,0.63515,2,1,0,2,4,0.14154,0,10,5,0,0,240.78,9
503,0,0.62379,2,1,0,2,4,0.16868,0,11,5,0,0,240.95,10
504,0,0.48649,3,1,0,3,4,0.057005,1,0,5,0,0,241.01,11
505,0.44305,0.57129,1,1,1,2,5,0.97361,1,1,5,0,0,241.98,12
506,0.37347,0.46139,1,1,1,2,5,0.81927,1,2,5,0,0,242.8,13
507,0,0,3,1,0,3,0,0,1,3,5,0,1,242.8,14
508,0.4511,0.45967,1,1,1,2,5,0.90165,1,3,5,0,0,243.7,15
509,0,0.58945,3,1,0,3,4,0.060423,1,4,5,0,0,243.76,16
510,0,0,2,1,0,2,0,0,1,5,5,1,0,243.76,17
511,0.58533,0.43941,1,1,1,2,5,0.84669,1,5,5,0,0,244.61,18
512,0.42955,0.31202,1,1,1,2,5,0.95392,1,6,5,0,0,245.57,19
513,0.43332,0.39033,1,1,1,2,5,0.90523,1,7,5,0,0,246.47,20
514,0.41305,0.27609,1,1,1,2,5,0.99998,1,8,5,0,0,247.47,21
515,0.45345,0.46643,1,1,1,2,5,0.95045,1,9,5,0,0,248.42,22
516,0.38717,0.35421,1,1,1,2,5,0.82042,1,10,5,0,0,249.24,23
517,0.41723,0.39146,1,1,1,2,4,0.13395,0,0,5,0,0,249.38,24
518,0.47031,0.38508,1,1,2,3,5,0.78849,0,1,5,0,0,250.16,25
519,0,0.66721,2,1,0,2,4,0.09216,0,2,5,0,0,250.26,26
520,0.45217,0.5884,1,1,1,2,4,0.13701,0,3,5,0,0,250.39,27
521,0.45541,0.40265,1,1,2,3,5,0.81709,0,4,5,0,0,251.21,28
522,0,0.67198,2,1,0,2,4,0.2172,0,5,5,0,0,251.43,29
523,0,0.5631,2,1,0,2,4,0.065888,0,6,5,0,0,251.49,30
524,0,0.47386,2,1,0,2,4,0.026927,0,7,5,0,0,251.52,31
525,0.46365,0,1,1,2,3,0,0,0,8,5,0,1,251.52,32
526,0,0,2,1,0,2,0,0,0,8,5,1,0,251.52,33
527,0.72506,0.41397,1,1,2,3,5,0.84124,0,8,5,0,0,252.36,34
528,0.43851,0.28497,1,1,2,3,5,0.74186,0,9,5,0,0,253.1,35
529,0,0,3,1,0,3,0,0,0,10,5,0,1,253.1,36
530,0.63592,0.40241,1,1,2,3,5,0.86573,0,10,5,0,0,253.97,37
531,0,0.54909,3,1,0,3,5,0.98421,0,11,5,0,0,254.95,38
532,0,0,2,1,0,2,0,0,0,12,5,0,1,254.95,39
533,0,0.55351,2,1,0,2,4,0.11911,0,12,5,0,0,255.07,40
534,0,0.54109,2,1,0,2,4,0.78251,0,13,4,0,0,255.85,0
535,0.41904,0.56275,1,1,2,3,5,0.2242,0,14,4,0,0,256.08,1
536,0,0.54174,3,1,0,3,4,0.71268,1,0,4,0,0,256.79,2
537,0.41265,0.30607,1,1,2,3,4,0.43713,1,1,4,0,0,257.23,3
538,0,0.56518,3,1,0,3,4,0.53238,1,2,4,0,0,257.76,4
539,0,0,1,1,0,0,0,0,1,3,4,1,0,257.76,5
540,0,0.59741,3,1,0,3,4,0.9855,1,3,4,0,0,258.75,6
541,0.52868,0.64693,1,1,2,3,4,0.83793,1,4,4,0,0,259.58,7
542,0,0.63853,2,1,0,2,5,0.10632,1,5,4,0,0,259.69,8
543,0,0.56849,3,1,0,3,4,0.75428,1,6,4,0,0,260.45,9
544,0,0.58467,3,1,0,3,4,0.59913,1,7,4,0,0,261.04,10
545,0,0.58338,2,1,0,2,5,0.086181,1,8,4,0,0,261.13,11
546,0,0.61212,2,1,0,2,5,0.09064,1,9,4,0,0,261.22,12
547,0,0.49445,2,1,0,2,5,0.49039,1,10,4,0,0,261.71,13
548,0.47062,0.58062,1,1,2,3,4,0.65844,1,11,4,0,0,262.37,14
549,0,0,3,1,0,3,0,0,0,0,4,0,1,262.37,15
550,0,0.5535,3,1,0,3,5,0.18539,0,0,4,0,0,262.56,16
551,0.54865,0.54536,1,1,2,3,5,0.006588,0,1,4,0,0,262.56,17
552,0.55614,0.52996,1,1,1,2,4,0.81343,0,2,4,0,0,263.38,18
553,0.43443,0.40507,1,1,1,2,4,0.74057,0,3,4,0,0,264.12,19
554,0,0.56499,3,1,0,3,5,0.18409,0,4,4,0,0,264.3,20
555,0,0.51911,2,1,0,2,4,0.93183,0,5,4,0,0,265.23,21
556,0,0,3,1,0,3,0,0,0,6,4,0,1,265.23,22
557,0.53398,0.65267,1,1,1,2,4,0.78231,0,6,4,0,0,266.01,23
558,0.4243,0.31477,1,1,1,2,4,0.95927,0,7,4,0,0,266.97,24
559,0,0.55353,3,1,0,3,5,0.12385,0,8,4,0,0,267.1,25
560,0,0.6345,3,1,0,3,5,0.41757,0,9,4,0,0,267.51,26
561,0,0.60985,2,1,0,2,4,0.76028,0,10,4,0,0,268.28,27
562,0.4758,0.55246,1,1,1,2,4,0.86485,0,11,4,0,0,269.14,28
563,0.43771,0.52103,1,1,1,2,5,0.025187,1,0,4,0,0,269.17,29
564,0.53784,0.40759,1,1,2,3,4,0.98054,1,1,4,0,0,270.15,30
565,0,0.54646,3,1,0,3,4,0.96185,1,2,4,0,0,271.11,31
566,0.4507,0.40138,1,1,2,3,4,0.74899,1,3,4,0,0,271.86,32
567,0,0,3,1,0,3,0,0,1,4,4,1,0,271.86,33
568,0.52141,0.33356,1,1,2,3,4,0.97282,1,4,4,0,0,272.83,34
569,0,0.64984,2,1,0,2,5,0.020749,1,5,4,0,0,272.85,35
570,0.4496,0.32417,1,1,2,3,4,0.81612,1,6,4,0,0,273.67,36
571,0,0.61611,2,1,0,2,5,0.14145,1,7,4,0,0,273.81,37
572,0,0.57735,2,1,0,2,5,0.073255,1,8,4,0,0,273.88,38
573,0.47952,0.24074,1,1,2,3,4,0.71286,1,9,4,0,0,274.59,39
574,0,0.5365,2,1,0,2,5,0.11003,1,10,4,0,0,274.7,40
575,0,0.53296,2,1,0,2,4,0.57582,0,0,5,0,0,275.28,0
576,0,0.55293,2,1,0,2,4,0.6105,0,1,5,0,0,275.89,1
577,0,0.67162,3,1,0,3,5,0.24848,0,2,5,0,0,276.14,2
578,0.50057,0.47878,1,1,1,2,4,0.64418,0,3,5,0,0,276.78,3
579,0.48058,0.40856,1,1,1,2,4,0.27946,0,4,5,0,0,277.06,4
580,0,0.60362,2,1,0,2,4,0.026265,0,5,5,0,0,277.09,5
581,0,0,2,1,0,2,0,0,0,6,5,0,1,277.09,6
582,0.55519,0.43373,1,1,2,3,5,0.84179,0,6,5,0,0,277.93,7
583,0.46291,0.38599,1,1,2,3,5,0.75468,0,7,5,0,0,278.68,8
584,0.46501,0.2595,1,1,2,3,5,0.99057,0,8,5,0,0,279.68,9
585,0.48758,0.27551,1,1,2,3,5,0.8368,0,9,5,0,0,280.51,10
586,0.44777,0.28824,1,1,2,3,5,0.88762,0,10,5,0,0,281.4,11
587,0.47354,0.43621,1,1,2,3,5,0.9723,0,11,5,0,0,282.37,12
588,0.41225,0.2832,1,1,2,3,4,0.16884,1,0,5,0,0,282.54,13
589,0,0.58377,3,1,0,3,4,0.022495,1,1,5,0,0,282.56,14
590,0.54786,0.24481,1,1,1,2,5,0.88942,1,2,5,0,0,283.45,15
591,0,0.61166,2,1,0,2,5,0.80613,1,3,5,0,0,284.26,16
592,0,0.48938,2,1,0,2,5,0.84829,1,4,5,0,0,285.11,17
593,0.4287,0.32661,1,1,1,2,5,0.58374,1,5,5,0,0,285.69,18
594,0.43022,0.38556,1,1,1,2,5,0.48059,1,6,5,0,0,286.17,19
595,0,0.53514,2,1,0,2,5,0.49013,1,7,5,0,0,286.66,20
596,0.44398,0.22606,1,1,2,3,4,0.42541,1,8,5,0,0,287.09,21
597,0,0.58126,3,1,0,3,4,0.53772,1,9,5,0,0,287.62,22
598,0.49486,0,1,1,2,3,0,0,1,10,5,0,1,287.62,23
599,0.49995,0.49926,1,1,1,2,5,0.78876,1,10,5,0,0,288.41,24
600,0,0.53999,3,1,0,3,4,0.094317,1,11,5,0,0,288.51,25
